-0.479232   0.357455   0.101093
0.027783   0.0530328   0.407888
-0.339126   0.362053   -0.414537
-0.361468   -0.239972   0.24335
-0.119579   -0.138067   -0.34927
-0.137332   0.0655521   -0.277356
0.199359   0.0625133   0.095151
-0.435002   0.345371   -0.099349
0.352921   0.264222   -0.460263
0.281631   -0.188939   -0.121274
-0.174799   0.376   0.267409
0.31241   0.386018   0.206126
0.141821   -0.135191   0.430728
-0.461269   -0.0290951   -0.0557151
-0.0894842   -0.0967114   0.0277699
-0.24465   0.350492   0.0131842
-0.313467   -0.304671   0.0468002
-0.351787   0.429031   0.272067
-0.403325   -0.392258   0.361979
0.147094   0.258975   0.123413
-0.0137976   -0.0692668   -0.171264
0.163957   0.341277   -0.109282
-0.484496   -0.19765   -0.143998
0.320182   -0.236736   0.0732966
0.493171   -0.158754   0.0805299
-0.362595   -0.178145   0.456493
-0.155229   -0.376085   -0.0593669
-0.297333   0.172804   -0.341339
-0.424673   0.238822   0.236709
0.0827354   0.205188   0.313476
0.183043   0.0381521   -0.172523
0.187961   -0.44716   0.285592
0.455585   -0.292119   -0.472716
0.440936   -0.480608   0.281228
0.25025   -0.389626   -0.0871687
0.0329768   -0.303886   0.038422
0.328435   0.490934   -0.211904
-0.105904   0.300897   -0.310809
0.372477   -0.298743   0.246684
-0.313512   0.0475199   0.498742
0.075378   -0.286227   -0.411312
-0.143524   -0.177665   0.240498
-0.404059   -0.415426   0.167205
-0.281819   -0.405535   -0.232029
0.00221469   0.163301   -0.144197
-0.379119   0.00770714   0.328468
0.325003   -0.106169   -0.488297
-0.0916698   -0.318907   -0.276488
0.226663   0.322709   0.35976
-0.346441   -0.224908   -0.329667
-0.128349   0.0940578   -0.00341073
0.0467783   -0.498292   0.47401
-0.176713   -0.407232   0.210783
0.051584   -0.259681   -0.140045
0.432544   0.0728635   0.388706
-0.0292072   0.488662   0.0696428
0.334391   -0.0431794   -0.0130522
0.405992   -0.0242447   0.226283
-0.201827   0.474387   0.452676
0.242549   -0.090445   0.220066
0.484476   -0.375423   0.00214727
0.289997   -0.3268   0.439005
0.0613901   0.0918446   -0.344382
-0.303737   -0.0772183   0.0712046
-0.198677   0.202748   -0.143446
0.442792   0.294584   -0.259358
0.373119   0.168792   -0.0177261
0.273023   0.480026   0.491021
0.0213353   0.40883   0.235347
-0.133692   0.1183   -0.486442
0.159304   0.312947   -0.329087
-0.435527   0.0571868   0.145132
0.45821   0.348902   0.359879
-0.339948   -0.013346   -0.324757
0.225205   0.077951   0.308034
0.0269657   -0.0790545   0.214955
0.0916455   -0.484842   -0.317017
0.263772   -0.343325   -0.350777
-0.260586   -0.206467   -0.162055
-0.478085   0.48579   -0.253749
0.125907   -0.26254   0.244943
-0.254677   0.138846   0.203558
-0.271284   0.408394   -0.217019
-0.306415   0.269651   0.407817
0.383759   0.384173   -0.0514662
-0.018107   0.255623   0.0490566
0.382829   -0.133995   -0.297971
-0.371536   -0.408036   -0.425897
-0.227177   -0.293864   0.488485
-0.351115   -0.488456   -0.0136638
-0.284737   0.0208316   -0.139766
-0.109292   -0.468444   -0.373036
-0.485039   0.00224819   -0.454389
0.202049   0.484381   0.0715322
0.452727   -0.148092   0.375866
-0.0576687   -0.222054   0.433307
0.132423   0.221975   -0.495368
0.176572   -0.141428   -0.291682
-0.177553   -0.0655939   0.392733
-0.0456173   0.288681   0.417843
-0.0143802   -0.465121   -0.141371
0.472915   0.101452   -0.244918
-0.398758   0.177554   0.0166204
-0.0927251   0.362029   -0.123169
0.374044   0.1687   0.223679
0.109619   -0.100108   0.0124156
0.465152   -0.315858   -0.282601
0.277874   0.0537266   -0.387154
