0.0000000000E+00,	0.0000000000E+00
0.0000000000E+00,	0.0000000000E+00
0.0000000000E+00,	0.0000000000E+00
0.0000000000E+00,	0.0000000000E+00
0.0000000000E+00,	0.0000000000E+00
0.0000000000E+00,	0.0000000000E+00
0.0000000000E+00,	0.0000000000E+00
0.0000000000E+00,	0.0000000000E+00
0.0000000000E+00,	0.0000000000E+00
0.0000000000E+00,	0.0000000000E+00
0.0000000000E+00,	0.0000000000E+00
0.0000000000E+00,	0.0000000000E+00
0.0000000000E+00,	0.0000000000E+00
2.4197720000E-04,	1.5820306705E-04
1.3714880000E-01,	2.4124566649E-03
9.7981750000E-01,	7.5832383485E-03
1.9553950000E+00,	1.3611444633E-02
2.1651440000E+00,	3.5623902092E-03
1.9704430000E+00,	1.4299047556E-02
1.7334960000E+00,	8.1357558960E-03
1.5240780000E+00,	9.6985491699E-03
1.3887690000E+00,	1.2791080056E-02
1.2787590000E+00,	1.0882887898E-02
1.1940340000E+00,	7.5455698261E-03
1.1370690000E+00,	8.9341193746E-03
1.0882700000E+00,	2.6808767222E-03
1.0648130000E+00,	3.7720155090E-03
1.0445910000E+00,	5.7406801862E-03
1.0370490000E+00,	6.0287153689E-03
1.0272190000E+00,	6.8786037100E-03
1.0363800000E+00,	4.1277088076E-03
1.0211210000E+00,	3.7791783499E-03
1.0232630000E+00,	2.7395804423E-03
1.0229670000E+00,	2.6173882020E-03
1.0230930000E+00,	4.1372915053E-03
1.0048134000E+00,	9.0412983603E-03
1.0062840000E+00,	4.3939030485E-03
9.9867140000E-01,	8.4730447916E-03
9.9395160000E-01,	4.1128814279E-03
9.9023920000E-01,	3.6082329969E-03
9.8411200000E-01,	6.8814813376E-03
9.8692390000E-01,	2.0726539243E-03
9.9235850000E-01,	3.1678268971E-03
9.8834270000E-01,	2.4874144428E-03
9.8226590000E-01,	3.4324375435E-03
9.7774330000E-01,	2.8000500371E-03
9.8223200000E-01,	3.0947174023E-03
9.7969490000E-01,	3.0929721128E-03
9.7265880000E-01,	4.9541459971E-03
9.7623790000E-01,	4.3839631032E-03
9.7971750000E-01,	1.2480803861E-03
9.7966840000E-01,	2.4454522362E-03
9.7003730000E-01,	6.4791379990E-03
9.7388590000E-01,	2.7023508821E-03
9.6996760000E-01,	3.3327702951E-03
9.7218610000E-01,	4.9335691836E-03
9.6993990000E-01,	3.2198317798E-03
9.7467040000E-01,	1.3921036742E-03
9.7092170000E-01,	5.8509951470E-03
9.7503000000E-01,	2.1029517826E-03
9.6760290000E-01,	2.4050823874E-03
9.7132350000E-01,	4.0242572296E-03
9.7243530000E-01,	2.1652913914E-03
9.7751220000E-01,	1.1865805323E-03
9.7144970000E-01,	4.4467284165E-03
9.7328720000E-01,	1.9255398620E-03
9.7188480000E-01,	1.0426990745E-03
9.7258630000E-01,	5.0980238142E-03
9.7378050000E-01,	2.0521879179E-03
9.7061480000E-01,	2.9451081066E-03
9.7159110000E-01,	4.9724498479E-03
9.7151640000E-01,	2.4426758770E-03
9.7210290000E-01,	1.0216904080E-03
9.7111850000E-01,	1.8282208428E-03
9.7841000000E-01,	2.7640852013E-03
9.7701830000E-01,	1.6896365320E-03
9.7575660000E-01,	1.2714145038E-03
9.7429780000E-01,	1.0454479232E-03
9.7392080000E-01,	7.7725848959E-04
9.7320870000E-01,	1.1271039925E-03
9.7563990000E-01,	1.2618012880E-03
9.6955760000E-01,	2.0386747263E-03
9.7430650000E-01,	1.5157693260E-03
9.7545840000E-01,	9.5594196481E-04
9.7389770000E-01,	1.7511578484E-03
9.7670960000E-01,	1.5262466513E-03
9.7112790000E-01,	1.7135977619E-03
9.7337400000E-01,	9.7757690233E-04
9.7389250000E-01,	2.0397532326E-03
9.7163870000E-01,	1.9516347020E-03
9.7739100000E-01,	1.4346508287E-03
9.7326890000E-01,	6.9848127413E-04
9.7640840000E-01,	1.4626867881E-03
9.7867330000E-01,	3.2371981419E-03
9.8008130000E-01,	1.7813967019E-03
9.7642430000E-01,	8.7597352139E-04
9.7708410000E-01,	1.8237236332E-03
9.7602270000E-01,	1.4538105826E-03
9.7705340000E-01,	1.2521296418E-03
9.7752930000E-01,	2.3600655944E-03
