0.0311253   0.120528   0.18328
0.087367   0.288019   0.374362
0.10988   0.0621375   0.0705083
-0.178672   0.476694   -0.109206
0.0352154   0.0367954   0.118236
-0.388764   0.147262   0.42316
-0.178631   0.0691249   0.314574
0.369565   0.162999   -0.360222
0.29449   -0.270369   0.170298
-0.114676   0.313118   0.143389
-0.0979959   -0.119258   -0.381192
0.385255   -0.0580604   -0.372037
0.149062   0.267728   -0.0429972
-0.0328271   0.0447688   0.176938
0.231289   0.220327   0.362785
-0.0199792   -0.49281   0.00573974
0.113313   0.277111   0.0660408
0.191616   0.142358   0.0666378
0.0925627   0.346289   -0.0133522
0.449313   0.103701   0.442184
-0.315696   -0.417974   -0.0510682
0.233602   0.135675   0.134027
0.492121   -0.0292135   -0.434439
-0.32657   -0.322371   -0.493029
-0.196854   -0.0878284   0.392281
0.0220815   0.421552   0.00844062
0.302536   0.0302689   0.460926
0.138322   0.142659   0.164828
-0.451739   -0.268812   0.388296
-0.418103   0.203152   0.280145
-0.363267   -0.23544   0.403014
0.0983151   0.414801   0.0934084
-0.0182092   0.103739   0.123201
-0.328023   0.302723   -0.188348
-0.0398434   0.0614188   0.0447193
0.0605724   0.185456   0.134913
0.164056   -0.0223465   0.0837928
-0.26314   0.102973   0.434488
0.436565   0.472458   -0.294985
-0.491495   -0.120661   -0.343858
-0.313467   0.322136   0.461922
-0.403282   0.0678152   0.0923898
0.398862   0.198713   -0.287233
-0.326146   -0.309583   0.3523
-0.0916342   -0.0933731   -0.46019
0.230745   0.409102   -0.496691
-0.347543   0.214726   -0.314084
-0.274367   -0.307167   0.286296
0.342634   0.192808   -0.102326
0.326851   0.0407895   0.18939
-0.0153632   -0.0412249   0.218783
0.17719   -0.178564   -0.198072
-0.123411   -0.444362   -0.194688
-0.334843   0.219925   0.344514
-0.464528   0.362724   -0.431752
0.0320164   -0.388517   0.0967836
-0.245857   0.327123   0.415381
0.328048   0.368753   0.18424
0.110545   0.252816   0.237554
0.291791   0.213047   -0.0417295
0.318211   -0.449101   -0.191528
0.305849   0.0858519   0.053267
-0.132696   -0.0215619   -0.129091
0.479715   -0.456832   -0.379365
0.25377   0.200814   0.0322148
-0.0144098   0.109054   -0.20771
-0.246696   0.00854112   0.472909
-0.23037   0.387053   -0.373177
-0.369221   -0.315629   -0.387301
0.366995   -0.379221   -0.389233
-0.0489759   0.123122   0.227196
-0.107884   0.421952   0.204084
0.411554   0.0520221   -0.402926
0.39176   0.261658   -0.0892299
-0.128083   0.263359   0.219804
-0.197302   0.303794   0.217561
-0.0826563   0.3608   0.257813
-0.30035   -0.314455   0.117846
-0.491145   0.444833   -0.426531
0.285082   -0.400394   -0.135816
-0.314716   -0.45165   0.225362
0.0803798   -0.00799153   0.477502
0.100007   0.343823   0.295246
0.0862447   -0.22293   0.0858657
0.190998   0.341806   0.00555897
0.244768   0.0449608   0.171944
0.154322   -0.280084   0.385784
-0.45584   0.150885   0.224983
0.0887835   -0.166408   0.350884
0.00654854   -0.176043   0.346066
0.199062   0.476726   -0.293783
0.387926   -0.141024   -0.147545
0.0741514   -0.101339   0.0164805
0.183563   0.0236255   0.275277
0.394562   -0.23095   -0.426602
0.154104   -0.210254   0.260469
0.394106   -0.400932   0.154081
-0.116174   -0.043394   0.212073
0.265081   0.264337   -0.113866
-0.473801   -0.210558   0.128196
-0.00872783   -0.290505   0.373159
0.186582   0.49517   -0.182554
-0.209285   -0.289078   0.0859178
0.404378   0.264173   0.455768
0.188003   0.213956   0.124512
0.332682   -0.0997062   0.136941
0.355588   0.00113443   -0.425902
0.188797   0.188767   -0.33527
