-0.164736   -0.297316   -0.308773
-0.22249   -0.0855094   -0.24013
0.428013   -0.212508   0.0791544
0.481568   0.169804   -0.0373633
-0.178569   0.357867   0.181335
0.0322023   -0.374202   -0.375277
-0.282509   -0.211481   0.362243
0.185853   -0.365494   0.0141504
0.460527   0.0502635   -0.436591
-0.472471   -0.355489   0.325349
-0.317111   -0.462016   -0.32354
-0.313279   0.0767027   -0.35498
0.124604   0.0179572   -0.204606
-0.171364   0.309784   -0.0360415
-0.469706   0.00805347   0.0955732
0.321256   0.060016   0.180134
0.220074   -0.449301   -0.43684
0.233789   0.427561   -0.0786132
0.276762   0.19025   -0.151014
-0.0639527   -0.210252   -0.488976
-0.324538   0.217811   0.305748
0.389022   -0.418676   -0.053079
-0.499985   0.0492625   0.307234
0.0517428   0.385885   -0.432716
-0.382946   0.392454   -0.0115758
0.258003   0.254268   0.254596
-0.251831   -0.437834   0.289201
-0.447381   -0.327119   -0.470036
0.469604   -0.379198   -0.28131
-0.390913   0.457   0.460332
0.13941   0.00615147   -0.422868
-0.270523   -0.0246157   0.186687
0.206241   -0.149321   0.0818812
0.194089   0.444737   0.178678
0.0759108   0.210041   -0.30071
0.0319678   -0.14861   -0.303911
-0.375837   0.337198   -0.251644
0.40303   0.412153   0.0956989
-0.226862   -0.369623   0.48453
0.385453   0.439007   0.330569
0.00393363   -0.287681   0.0936303
0.0560274   0.252853   -0.105392
0.0345417   0.453772   -0.240088
0.123817   -0.0512105   0.363757
0.295035   -0.106313   0.479299
-0.0825474   0.0820676   -0.183649
0.132168   0.0622075   0.0219844
0.0276864   -0.324175   -0.161002
-0.376155   -0.221786   -0.0179516
0.338279   -0.31387   0.419092
0.246789   -0.396642   -0.226652
-0.387264   -0.416841   -0.116531
0.178523   -0.475282   0.367509
-0.286017   0.013411   0.403011
0.264578   0.159553   -0.366549
-0.202078   -0.23255   0.134575
-0.151407   -0.48078   -0.165421
-0.154732   -0.279214   -0.0744403
-0.0105276   -0.490109   -0.00361283
-0.455199   -0.40419   0.100697
0.450769   -0.156089   -0.365636
-0.0623121   0.100687   0.0648021
0.010879   -0.0779827   0.154525
0.491972   0.225527   0.176919
-0.323433   -0.133168   -0.416555
-0.0104541   -0.468579   0.223441
-0.279621   0.129152   -0.119777
-0.176873   0.401872   0.397445
0.44096   0.336923   -0.151077
0.406693   -0.211009   -0.142817
-0.106518   0.0383102   -0.398465
-0.349943   0.253494   -0.479112
0.0201001   -0.111182   -0.0611531
-0.0770788   -0.0463762   0.362631
-0.48539   -0.113078   0.442463
0.342165   -0.0206387   -0.0523225
-0.11668   0.195943   0.293706
0.233155   0.3937   -0.298935
-0.148132   0.458458   -0.393971
-0.416672   -0.0618964   -0.14446
0.1348   -0.248419   0.457862
0.431415   0.277918   -0.36487
0.461064   0.246578   0.408209
0.0345353   0.360574   0.329899
-0.172355   0.290135   -0.256887
0.0198922   0.308136   0.118018
-0.480294   0.133528   -0.24577
-0.237189   -0.46023   0.0557284
0.427782   0.473375   -0.4562
0.335096   -0.0257688   -0.256069
0.0754854   0.160913   0.460193
0.16177   -0.284423   0.249134
-0.185567   -0.0517676   -0.0294727
-0.403733   0.418412   0.225432
-0.369752   -0.241522   -0.252604
0.345167   -0.377157   0.186305
-0.0568324   -0.25901   0.299211
-0.419709   -0.155609   0.221551
-0.0300836   -0.43119   0.442721
-0.141119   0.243795   -0.476658
0.214281   -0.178691   -0.147437
0.234446   0.341148   0.474262
0.100348   0.116711   0.230973
0.258771   -0.243485   -0.361179
0.328198   -0.150126   0.252152
-0.322383   0.167704   0.0811143
0.291136   0.103129   0.427234
0.248821   0.262769   0.0430868
