2.06215
2.06282
2.09857
2.15087
2.19903
2.22721
2.22732
2.19789
2.1419
2.06358
1.96689
1.85727
1.74508
1.64831
1.58959
1.5866
1.64188
1.73975
1.85356
1.95841
2.04149
2.10347
2.15257
2.19654
2.23838
2.27748
2.31226
2.34174
2.36494
2.38049
2.38771
2.38839
2.38667
2.38673
2.39083
2.39893
2.40913
2.41856
2.42407
2.42265
2.41078
2.38436
2.34062
2.28039
2.20958
2.13789
2.07683
2.03785
2.03074
2.06015
2.11984
2.19128
2.25256
2.29089
2.30726
2.31191
2.31668
2.32966
2.35297
2.38349
2.41575
2.44366
2.46117
2.46359
2.44943
2.42104
2.38287
2.34013
2.29967
2.26913
2.25237
2.24455
2.23444
2.21277
2.17964
2.14544
2.1242
2.12343
2.13879
2.1591
2.17553
2.18536
2.18849
2.18546
2.17795
2.16905
2.16277
2.16277
2.17046
2.18446
2.20216
2.22267
2.24723
2.27649
2.30791
2.33643
2.35659
2.36353
2.35285
2.32113
2.26933
2.20719
2.15348
2.12623
2.12991
2.15108
2.16587
2.15461
2.11311
2.05353
1.99942
1.97961
2.01651
2.1099
2.2333
2.35118
2.43761
2.48016
2.4748
2.4224
2.32992
2.21231
2.09092
1.98987
1.93541
1.94961
2.03139
2.14829
2.25799
2.33366
2.36819
2.36572
2.33451
2.2832
2.21988
2.15315
2.09456
2.05758
2.05183
2.07666
2.12025
2.1673
2.20843
2.2429
2.27391
2.30231
2.32496
2.33837
2.34297
2.34222
2.33878
2.33237
2.32017
2.29897
2.26795
2.2312
2.19818
2.1807
2.18776
2.22144
2.27605
2.33947
2.39751
2.43808
2.45396
2.44329
2.40839
2.35455
2.2899
2.22608
2.17682
2.15246
2.15344
2.16959
2.18666
2.19485
2.19296
2.18711
2.18546
2.19139
2.19989
2.20112
2.18862
2.16408
2.13527
2.10965
2.08983
2.07442
2.06249
2.05636
2.06099
2.08061
2.1151
2.15955
2.20734
2.2535
2.29542
2.3321
2.36403
2.39298
2.421
2.44836
2.47164
2.48462
2.48086
2.4579
2.42102
2.38496
2.36771
2.37643
2.40078
2.42416
2.43627
2.43507
2.42325
2.40545
2.38534
2.36377
2.33932
2.31085
2.27953
2.24942
2.22593
2.21263
2.20935
2.21387
2.22463
2.24174
2.26514
2.29123
2.31145
2.31632
2.30265
2.27747
2.25358
2.23808
2.22459
2.19891
2.15219
2.09077
2.03695
2.01597
2.03891
2.09775
2.17087
2.23386
2.27081
2.27727
2.25777
2.22297
2.18632
2.16015
2.15197
2.16311
2.19093
2.23153
2.27761
2.31582
2.33187
2.31937
2.28257
2.23387
2.18813
2.15622
2.14425
2.1566
2.19234
2.24078
2.29031
2.33653
2.37789
2.40827
2.41646
2.39194
2.33019
2.23585
2.1233
2.01561
1.94072
1.92075
1.95992
2.04391
2.15007
2.25618
2.34383
2.40044
2.42089
2.40851
2.37474
2.33549
2.30441
2.28695
2.27968
2.27511
2.26877
2.26268
2.26341
2.27577
2.2961
2.31131
2.30638
2.27311
2.21443
2.14391
2.0819
2.0477
2.05127
2.08926
2.14668
2.20412
2.24635
2.26676
2.26674
2.25317
2.23567
2.22364
2.22187
2.22769
2.23158
2.22202
2.19219
2.14303
2.08196
2.0194
1.9671
1.9377
1.94273
1.98794
2.06897
2.17227
2.27889
2.36983
2.43122
2.45753
2.45013
2.41574
2.36999
2.3368
2.33448
2.36232
2.40543
2.44732
2.47515
2.48112
2.46399
2.42964
2.38731
2.34428
2.30388
2.26765
2.23769
2.21582
2.20145
2.19111
2.18073
2.16788
2.15182
2.13339
2.11664
2.10803
2.11184
2.12551
2.1392
2.14177
2.12905
2.10525
2.07631
2.04457
2.01115
1.98028
1.95822
1.95092
1.964
2.00131
2.0615
2.137
2.21773
2.29483
2.36176
2.41541
2.45645
2.4868
2.50541
2.5073
2.48821
2.4495
2.39944
2.35022
2.31212
2.28797
2.27204
2.25509
2.23137
2.20226
2.17557
2.16151
2.16681
2.18959
2.22034
2.24969
2.274
2.29304
2.30476
2.30416
2.28761
2.25788
2.22541
2.20442
2.20515
2.22836
2.26501
2.30182
2.32681
2.33241
2.31614
2.28071
2.23399
2.18674
2.14825
2.12216
2.10532
2.09042
2.07048
2.04269
2.01153
1.98882
1.98693
2.00906
2.0486
2.09859
2.1582
2.22865
2.30757
2.38813
2.46127
2.51782
2.54987
2.55245
2.52547
2.47561
2.41526
2.35844
2.31699
2.2991
2.30757
2.33779
2.37836
2.41608
2.44054
2.44594
2.43191
2.40454
2.37565
2.35769
2.35781
2.37445
2.40001
2.42624
2.44692
2.45752
2.45356
2.42977
2.38369
2.3209
2.25557
2.20439
2.17805
2.17795
2.19907
2.23426
2.27625
2.31685
2.34657
2.35709
2.3456
2.3164
2.27679
2.23095
2.18274
2.14116
2.11788
2.11878
2.13956
2.16874
2.1939
2.20534
2.19843
2.17571
2.14668
2.12304
2.11231
2.11526
2.12735
2.1426
2.1591
2.18133
2.21567
2.26304
2.31672
2.36633
2.40196
2.4138
2.39211
2.3324
2.24325
2.14694
2.06773
2.01876
2.0039
2.0254
2.08189
2.16307
2.25231
2.33423
2.39964
2.44546
2.47186
2.47826
2.4617
2.41818
2.34619
2.25057
2.14462
2.04997
1.99309
1.99498
2.05567
2.15133
2.25058
2.33109
2.38301
2.40476
2.39884
2.36952
2.32225
2.26399
2.20307
2.14836
2.10759
2.08562
2.08295
2.09548
2.11657
2.14171
2.17165
2.21058
2.25755
2.30079
2.32366
2.31482
2.27296
2.20671
2.13359
2.07423
2.0424
2.04099
2.06753
2.11944
2.19337
2.28247
2.37594
2.46164
2.52889
2.56896
2.57449
2.54045
2.46847
2.37095
2.26989
2.18768
2.13675
2.11717
2.12107
2.13839
2.16195
2.19016
2.22356
2.25827
2.28455
2.29324
2.28201
2.25616
2.22477
2.19522
2.16938
2.14279
2.10863
2.06475
2.01855
1.98574
1.98568
2.03364
2.12953
2.25271
2.37317
2.46863
2.5319
2.56853
2.58824
2.59625
2.59011
2.56464
2.51809
2.45497
2.38478
2.31923
2.26969
2.24406
2.24409
2.26572
2.30148
2.34118
2.37229
2.38403
2.37281
2.34384
2.3079
2.27619
2.25712
2.25574
2.27183
2.2969
2.31656
2.31988
2.30518
2.27832
2.24861
2.22395
2.20604
2.19071
2.1737
2.1521
2.12185
2.07946
2.02797
1.97904
1.94751
1.94367
1.96938
2.0188
2.08029
2.1383
2.17705
2.18586
2.16318
2.1174
2.06508
2.02694
2.02033
2.05084
2.10966
2.17791
2.2334
2.25761
2.24072
2.18439
2.10215
2.01512
1.94521
1.90818
1.90948
1.94401
2.00052
2.06687
2.13403
2.19829
2.25932
2.31518
2.36113
2.39228
2.40629
2.40474
2.3945
2.38731
2.3949
2.42051
2.4548
2.48146
2.48703
2.46694
2.42542
2.37182
2.31704
2.27125
2.24263
2.23497
2.24506
2.26279
2.27581
2.27618
2.2634
2.24196
2.21596
2.18601
2.15076
2.11132
2.07447
2.051
2.04837
2.06291
2.0824
2.09725
2.10697
2.11816
2.14037
2.18171
2.24278
2.31286
2.37502
2.41641
2.43458
2.4332
2.41431
2.37977
2.33976
2.31096
2.30391
2.31453
2.33
2.34124
2.34848
2.35633
2.36713
2.38059
2.39616
2.41242
2.42641
2.43528
2.43745
2.43147
2.41695
2.39662
2.37635
2.36281
2.36087
2.37207
2.39364
2.41801
2.4341
2.4321
2.40906
2.37123
2.33058
2.29692
2.27209
2.25034
2.2243
2.19084
2.15339
2.12016
2.10172
2.10675
2.13758
2.18937
2.2521
2.3118
2.35261
2.36319
2.34174
2.29427
2.23092
2.16417
2.10794
2.07574
2.07558
2.10549
2.1541
2.20617
2.2494
2.27822
2.29344
2.29882
2.2971
2.28865
2.27345
2.25223
2.22474
2.18901
2.1458
2.10169
2.06665
2.04893
2.05102
2.06875
2.09435
2.12096
2.14421
2.1609
2.16728
2.15973
2.1379
2.10695
2.07628
2.05599
2.05257
2.06568
2.08906
2.11663
2.14703
2.18118
2.21696
2.24954
2.27421
2.28614
2.28056
2.25576
2.21657
2.17502
2.14761
2.14861
2.17934
2.22305
2.25758
2.27211
2.27047
2.26417
2.26401
2.27509
2.29639
2.32367
2.35118
2.37135
2.37667
2.36394
2.33707
2.30603
2.28269
2.27574
2.2886
2.31913
2.3596
2.39803
2.42116
2.41947
2.39231
2.34969
2.30615
2.27194
2.25004
2.23875
2.23443
2.23177
2.224
2.20548
2.17545
2.14065
2.11593
2.11893
2.15783
2.2262
2.31024
2.39481
2.46567
2.51234
2.53027
2.52025
2.48597
2.43147
2.36019
2.27721
2.19197
2.1176
2.06655
2.04489
2.05014
2.07335
2.10254
2.12661
2.13951
2.14263
2.1434
2.15038
2.16805
2.19416
2.22071
2.23753
2.23741
2.22059
2.19482
2.17036
2.15422
2.14843
2.15304
2.16892
2.19586
2.22835
2.25536
2.26602
2.25584
2.22962
2.19974
2.18144
2.18617
2.21457
2.25502
2.2913
2.31323
2.3199
2.3132
2.29276
2.259
2.219
2.18561
2.16983
2.17338
2.19007
2.2129
2.23795
2.26374
2.28974
2.31521
2.33807
2.35382
2.35624
2.33973
2.30214
2.24778
2.19061
2.15372
2.15586
2.19559
2.25504
2.31581
2.36592
2.3989
2.41225
2.40658
2.38584
2.3574
2.33038
2.31091
2.2981
2.28547
2.26763
2.24645
2.23184
2.23462
2.25715
2.2916
2.32695
2.35467
2.36892
2.36756
2.35473
2.33934
2.3294
2.32659
2.32609
2.32114
2.30882
2.2933
2.284
2.28769
2.3002
2.30896
2.30553
2.29389
2.28465
2.28174
2.27961
2.27207
2.25917
2.24568
2.23603
2.23117
2.22875
2.22519
2.21907
2.21381
2.21668
2.23211
2.25378
2.26735
2.26062
2.22891
2.17404
2.10468
2.04081
2.01289
2.0432
2.1256
2.23167
2.33204
2.40784
2.45064
2.45895
2.43641
2.39179
2.33863
2.291
2.25744
2.23911
2.23347
2.23848
2.25324
2.27523
2.29892
2.318
2.32876
2.33071
