1.37477
1.37521
1.39905
1.43391
1.46602
1.48481
1.48488
1.46526
1.42794
1.37572
1.31126
1.23818
1.16339
1.09887
1.05972
1.05773
1.09459
1.15983
1.23571
1.30561
1.36099
1.40232
1.43505
1.46436
1.49226
1.51832
1.54151
1.56116
1.57663
1.58699
1.59181
1.59226
1.59111
1.59115
1.59389
1.59929
1.60609
1.61237
1.61605
1.6151
1.60719
1.58958
1.56041
1.52026
1.47305
1.42526
1.38455
1.35857
1.35383
1.37344
1.41322
1.46086
1.50171
1.52726
1.53818
1.54127
1.54445
1.55311
1.56865
1.589
1.6105
1.62911
1.64078
1.64239
1.63295
1.61403
1.58858
1.56009
1.53311
1.51276
1.50158
1.49636
1.48963
1.47518
1.45309
1.43029
1.41613
1.41562
1.42586
1.4394
1.45036
1.45691
1.45899
1.45697
1.45197
1.44603
1.44185
1.44185
1.44697
1.45631
1.46811
1.48178
1.49815
1.51766
1.53861
1.55762
1.57106
1.57569
1.56856
1.54742
1.51289
1.47146
1.43565
1.41748
1.41994
1.43405
1.44391
1.43641
1.40874
1.36902
1.33295
1.31974
1.34434
1.4066
1.48887
1.56745
1.62507
1.65344
1.64987
1.61494
1.55328
1.47488
1.39394
1.32658
1.29027
1.29974
1.35426
1.4322
1.50533
1.55577
1.57879
1.57715
1.55634
1.52213
1.47992
1.43543
1.39637
1.37172
1.36789
1.38444
1.4135
1.44486
1.47229
1.49527
1.51594
1.53487
1.54997
1.55891
1.56198
1.56148
1.55919
1.55491
1.54678
1.53264
1.51196
1.48747
1.46545
1.4538
1.45851
1.48096
1.51737
1.55965
1.59834
1.62539
1.63598
1.62886
1.60559
1.5697
1.5266
1.48405
1.45121
1.43497
1.43562
1.4464
1.45778
1.46323
1.46197
1.45807
1.45697
1.46093
1.46659
1.46742
1.45908
1.44272
1.42352
1.40643
1.39322
1.38295
1.37499
1.37091
1.37399
1.38707
1.41006
1.4397
1.47156
1.50234
1.53028
1.55474
1.57602
1.59532
1.614
1.63224
1.64776
1.65642
1.65391
1.6386
1.61401
1.58998
1.57847
1.58429
1.60052
1.61611
1.62418
1.62338
1.6155
1.60364
1.59023
1.57584
1.55955
1.54056
1.51969
1.49961
1.48395
1.47508
1.4729
1.47591
1.48309
1.4945
1.51009
1.52749
1.54096
1.54421
1.5351
1.51831
1.50238
1.49205
1.48306
1.46594
1.43479
1.39385
1.35797
1.34398
1.35927
1.3985
1.44724
1.48924
1.51387
1.51818
1.50518
1.48198
1.45755
1.4401
1.43464
1.44207
1.46062
1.48768
1.51841
1.54388
1.55458
1.54625
1.52171
1.48925
1.45875
1.43748
1.4295
1.43773
1.46156
1.49385
1.52688
1.55768
1.58526
1.60551
1.61098
1.59463
1.55346
1.49057
1.41553
1.34374
1.29381
1.2805
1.30661
1.3626
1.43338
1.50412
1.56255
1.60029
1.61393
1.60567
1.58316
1.557
1.53627
1.52464
1.51978
1.51674
1.51251
1.50845
1.50894
1.51718
1.53073
1.54088
1.53759
1.51541
1.47628
1.42928
1.38794
1.36513
1.36751
1.39284
1.43112
1.46941
1.49757
1.51118
1.51116
1.50212
1.49045
1.48243
1.48124
1.48513
1.48772
1.48135
1.46146
1.42869
1.38798
1.34627
1.3114
1.2918
1.29515
1.32529
1.37932
1.44818
1.51926
1.57989
1.62081
1.63835
1.63342
1.6105
1.57999
1.55787
1.55632
1.57488
1.60362
1.63155
1.6501
1.65408
1.64266
1.61976
1.59154
1.56285
1.53592
1.51177
1.4918
1.47722
1.46763
1.46074
1.45382
1.44526
1.43455
1.42226
1.41109
1.40535
1.4079
1.41701
1.42613
1.42785
1.41937
1.4035
1.38421
1.36305
1.34077
1.32019
1.30548
1.30061
1.30933
1.3342
1.37433
1.42466
1.47848
1.52989
1.57451
1.61027
1.63764
1.65787
1.67027
1.67153
1.65881
1.633
1.59963
1.56681
1.54142
1.52531
1.51469
1.5034
1.48758
1.46817
1.45038
1.44101
1.44454
1.45972
1.48023
1.49979
1.516
1.52869
1.53651
1.53611
1.52507
1.50525
1.48361
1.46961
1.4701
1.48557
1.51001
1.53455
1.5512
1.55494
1.54409
1.52047
1.48933
1.45782
1.43217
1.41477
1.40355
1.39361
1.38032
1.36179
1.34102
1.32588
1.32462
1.33938
1.36573
1.39906
1.4388
1.48577
1.53838
1.59209
1.64085
1.67855
1.69991
1.70163
1.68365
1.65041
1.61017
1.57229
1.54466
1.53273
1.53838
1.55853
1.58557
1.61072
1.62702
1.63063
1.62127
1.60303
1.58377
1.57179
1.57187
1.58297
1.6
1.6175
1.63128
1.63835
1.63571
1.61984
1.58913
1.54727
1.50371
1.46959
1.45203
1.45197
1.46605
1.4895
1.5175
1.54456
1.56438
1.57139
1.56373
1.54426
1.51786
1.4873
1.45516
1.42744
1.41192
1.41252
1.42637
1.44583
1.4626
1.47023
1.46562
1.45048
1.43112
1.41536
1.40821
1.41017
1.41824
1.4284
1.4394
1.45422
1.47712
1.50869
1.54448
1.57755
1.6013
1.6092
1.59474
1.55493
1.4955
1.43129
1.37848
1.34584
1.33593
1.35027
1.38793
1.44205
1.50154
1.55615
1.59976
1.63031
1.6479
1.65217
1.64113
1.61212
1.56413
1.50038
1.42974
1.36665
1.32873
1.32999
1.37045
1.43422
1.50038
1.55406
1.58868
1.60317
1.59923
1.57968
1.54817
1.50932
1.46871
1.43224
1.40506
1.39041
1.38863
1.39698
1.41105
1.4278
1.44776
1.47372
1.50503
1.53386
1.5491
1.54321
1.5153
1.47114
1.42239
1.38282
1.3616
1.36066
1.37835
1.41296
1.46225
1.52165
1.58396
1.64109
1.68592
1.71264
1.71633
1.69363
1.64565
1.58063
1.51326
1.45845
1.4245
1.41144
1.41405
1.4256
1.4413
1.46011
1.48237
1.50551
1.52303
1.52883
1.52134
1.50411
1.48318
1.46348
1.44625
1.42853
1.40575
1.3765
1.3457
1.32383
1.32378
1.35576
1.41969
1.50181
1.58212
1.64575
1.68793
1.71235
1.72549
1.73083
1.72674
1.70976
1.67873
1.63665
1.58986
1.54615
1.51313
1.49604
1.49606
1.51048
1.53432
1.56079
1.58152
1.58935
1.58187
1.56256
1.5386
1.51746
1.50475
1.50383
1.51455
1.53127
1.54437
1.54659
1.53678
1.51888
1.49908
1.48264
1.47069
1.46047
1.44913
1.43474
1.41456
1.38631
1.35198
1.31936
1.29834
1.29578
1.31292
1.34587
1.38686
1.42553
1.45136
1.45724
1.44212
1.4116
1.37672
1.35129
1.34689
1.36723
1.40644
1.45194
1.48894
1.50507
1.49382
1.45626
1.40143
1.34341
1.29681
1.27212
1.27299
1.29601
1.33368
1.37791
1.42269
1.46553
1.50621
1.54346
1.57409
1.59485
1.6042
1.60316
1.59633
1.59154
1.5966
1.61367
1.63653
1.65431
1.65802
1.64463
1.61695
1.58121
1.54469
1.51417
1.49509
1.48998
1.4967
1.50853
1.5172
1.51745
1.50893
1.49464
1.47731
1.45734
1.43384
1.40754
1.38298
1.36734
1.36558
1.37527
1.38826
1.39817
1.40464
1.41211
1.42691
1.45448
1.49518
1.54191
1.58334
1.61094
1.62305
1.62213
1.60954
1.58651
1.55984
1.54064
1.53594
1.54302
1.55333
1.56082
1.56565
1.57088
1.57809
1.58706
1.59744
1.60828
1.61761
1.62352
1.62497
1.62098
1.6113
1.59775
1.58423
1.57521
1.57391
1.58138
1.59576
1.61201
1.62273
1.6214
1.60604
1.58082
1.55372
1.53128
1.51472
1.50023
1.48286
1.46056
1.43559
1.41344
1.40115
1.4045
1.42506
1.45958
1.5014
1.5412
1.56841
1.57546
1.56116
1.52951
1.48728
1.44278
1.40529
1.38383
1.38372
1.40366
1.43607
1.47078
1.4996
1.51882
1.52896
1.53255
1.5314
1.52577
1.51563
1.50148
1.48316
1.45934
1.43053
1.40113
1.37777
1.36595
1.36735
1.37916
1.39623
1.41397
1.42947
1.4406
1.44486
1.43982
1.42527
1.40463
1.38418
1.37066
1.36838
1.37712
1.39271
1.41109
1.43135
1.45412
1.47797
1.49969
1.51614
1.52409
1.52037
1.50384
1.47771
1.45001
1.43174
1.43241
1.45289
1.48204
1.50505
1.51474
1.51365
1.50944
1.50934
1.51673
1.53092
1.54911
1.56745
1.5809
1.58445
1.57596
1.55805
1.53735
1.52179
1.51716
1.52574
1.54608
1.57307
1.59869
1.6141
1.61298
1.59488
1.56646
1.53743
1.51462
1.50003
1.4925
1.48962
1.48785
1.48267
1.47032
1.4503
1.4271
1.41062
1.41262
1.43855
1.48413
1.54016
1.59654
1.64378
1.6749
1.68685
1.68017
1.65731
1.62098
1.57346
1.51814
1.46132
1.41173
1.3777
1.36326
1.36676
1.38223
1.40169
1.41774
1.42634
1.42842
1.42893
1.43359
1.44537
1.46278
1.48048
1.49169
1.4916
1.48039
1.46321
1.44691
1.43615
1.43229
1.43536
1.44595
1.46391
1.48557
1.50358
1.51068
1.50389
1.48642
1.46649
1.4543
1.45745
1.47638
1.50335
1.52753
1.54215
1.5466
1.54214
1.5285
1.506
1.47933
1.45707
1.44655
1.44892
1.46005
1.47527
1.49197
1.50916
1.52649
1.54348
1.55871
1.56921
1.57083
1.55982
1.53476
1.49852
1.46041
1.43581
1.43724
1.46373
1.50336
1.54387
1.57728
1.59927
1.60816
1.60439
1.59056
1.5716
1.55359
1.54061
1.53206
1.52364
1.51175
1.49763
1.4879
1.48975
1.50477
1.52773
1.5513
1.56978
1.57928
1.57837
1.56982
1.55956
1.55293
1.55106
1.55073
1.54743
1.53922
1.52887
1.52267
1.52513
1.53347
1.53931
1.53702
1.52926
1.5231
1.52116
1.51974
1.51471
1.50611
1.49712
1.49069
1.48744
1.48583
1.48346
1.47938
1.47587
1.47779
1.48807
1.50252
1.51156
1.50708
1.48594
1.44936
1.40312
1.36054
1.34193
1.36213
1.41706
1.48778
1.55469
1.60522
1.63376
1.6393
1.62427
1.59453
1.55909
1.52734
1.50496
1.49274
1.48898
1.49232
1.50216
1.51682
1.53262
1.54533
1.55251
1.55381
