20.1403
20.1611
20.0509
19.8842
19.7582
19.7197
19.8118
20.0338
20.3758
20.8147
21.32
21.8692
22.4099
22.852
23.1081
23.0977
22.8291
22.3811
21.8544
21.358
20.9506
20.6261
20.3507
20.0964
19.8457
19.6069
19.394
19.2001
19.0375
18.9045
18.8135
18.7532
18.7112
18.6679
18.6173
18.5559
18.4991
18.4572
18.4438
18.477
18.5615
18.7197
18.9551
19.2534
19.5876
19.9067
20.1654
20.3138
20.3077
20.1421
19.8493
19.5135
19.228
19.0503
18.9632
18.9286
18.8868
18.8175
18.7101
18.5753
18.4341
18.316
18.2426
18.2499
18.3263
18.4702
18.6579
18.863
19.0598
19.2173
19.3176
19.3837
19.4568
19.5816
19.7299
19.8818
19.9665
19.9616
19.8923
19.8082
19.7392
19.7062
19.7032
19.7312
19.7827
19.836
19.8803
19.8913
19.8559
19.7796
19.6739
19.5388
19.3802
19.1785
18.9819
18.8024
18.6656
18.5924
18.6138
18.7393
18.9534
19.215
19.4398
19.5571
19.5555
19.4916
19.4643
19.5508
19.7536
20.0169
20.2353
20.2891
20.0904
19.6616
19.1264
18.6297
18.2729
18.1139
18.163
18.4194
18.846
19.3593
19.8665
20.2721
20.4623
20.3623
20.0031
19.5163
19.0845
18.8042
18.701
18.7527
18.9201
19.1661
19.4589
19.7587
20.0198
20.1719
20.1852
20.0726
19.886
19.6898
19.518
19.3673
19.2252
19.0939
18.9803
18.9078
18.8732
18.8618
18.8655
18.8832
18.9286
19.0111
19.1343
19.2724
19.3878
19.4385
19.3788
19.2068
18.952
18.6648
18.411
18.2315
18.1623
18.205
18.3626
18.5964
18.8749
19.147
19.3537
19.458
19.466
19.4173
19.3701
19.3681
19.4191
19.4847
19.5286
19.5517
19.5649
19.605
19.6974
19.8204
19.9517
20.0532
20.1195
20.1699
20.1956
20.1855
20.1306
20.004
19.8183
19.596
19.3679
19.1445
18.9485
18.7739
18.6271
18.4933
18.3633
18.2339
18.1237
18.0589
18.0607
18.1439
18.2784
18.3967
18.4364
18.3669
18.2556
18.1578
18.13
18.1646
18.2544
18.3785
18.5156
18.6511
18.8019
18.9596
19.1268
19.2745
19.391
19.4554
19.4677
19.4383
19.3755
19.2903
19.1679
19.0466
18.9562
18.9346
18.9895
19.0898
19.174
19.2341
19.299
19.4148
19.6237
19.8797
20.0944
20.1633
20.0452
19.7892
19.4749
19.2142
19.0673
19.0516
19.1421
19.2828
19.4229
19.5074
19.5174
19.4409
19.3083
19.1286
18.938
18.8078
18.7764
18.8652
19.0586
19.2919
19.5032
19.6377
19.6774
19.6018
19.4219
19.1822
18.9403
18.7123
18.5145
18.3839
18.3681
18.5058
18.8199
19.2675
19.7888
20.2725
20.588
20.6519
20.4561
20.0752
19.5968
19.1218
18.74
18.4928
18.3979
18.4508
18.5996
18.7652
18.9003
18.978
19.0136
19.0286
19.0507
19.0708
19.0645
19.0078
18.9243
18.8731
18.9167
19.0875
19.3578
19.6665
19.9318
20.0755
20.0675
19.9093
19.6755
19.4529
19.2944
19.2224
19.2284
19.2833
19.351
19.388
19.3826
19.3551
19.3533
19.4174
19.5696
19.8179
20.1159
20.4147
20.6523
20.7823
20.7395
20.5151
20.1264
19.6349
19.1307
18.7042
18.4068
18.2699
18.2732
18.3962
18.5715
18.6874
18.6757
18.5451
18.3621
18.1911
18.0952
18.1012
18.2072
18.3806
18.5969
18.8221
19.0272
19.2119
19.3552
19.4611
19.5287
19.5775
19.6301
19.6778
19.7447
19.8197
19.8823
19.9135
19.89
19.8342
19.7897
19.7897
19.8579
19.9735
20.1154
20.2758
20.4369
20.5881
20.6977
20.7324
20.6709
20.4979
20.2168
19.8667
19.49
19.12
18.7953
18.5311
18.3232
18.1652
18.0681
18.0521
18.1327
18.3053
18.5178
18.7274
18.8869
18.9849
19.0531
19.1223
19.2145
19.3315
19.4294
19.4768
19.4495
19.3595
19.2433
19.1365
19.0679
19.0151
18.999
19.0395
19.1485
19.293
19.4402
19.5275
19.5226
19.4181
19.2579
19.1032
18.9995
18.9787
19.0467
19.2001
19.3999
19.6038
19.7648
19.8805
19.958
20.0313
20.1237
20.2379
20.359
20.433
20.4068
20.2735
20.0728
19.8265
19.5222
19.1691
18.7682
18.3661
18.0089
17.7211
17.5454
17.5116
17.6202
17.8429
18.1274
18.4061
18.6142
18.7265
18.7305
18.6393
18.4964
18.3639
18.2722
18.2557
18.3208
18.4388
18.5593
18.6415
18.6502
18.5897
18.5049
18.4133
18.3448
18.3192
18.3554
18.4805
18.6929
18.9707
19.2345
19.4381
19.5304
19.5104
19.3981
19.2267
19.0318
18.8489
18.723
18.676
18.7372
18.8741
19.0569
19.2669
19.4842
19.6605
19.7391
19.7125
19.5948
19.4447
19.3298
19.2803
19.3213
19.45
19.605
19.7307
19.7956
19.7929
19.7513
19.6873
19.5993
19.4693
19.2903
19.0534
18.7937
18.5543
18.391
18.3488
18.4653
18.7533
19.1705
19.6091
19.9761
20.2067
20.2816
20.1821
19.9118
19.5343
19.12
18.7397
18.4311
18.209
18.0781
18.052
18.1336
18.345
18.6856
19.1247
19.5986
20.0111
20.2396
20.2068
19.9167
19.4875
19.0526
18.7014
18.4816
18.3909
18.4296
18.573
18.7942
19.0608
19.327
19.5597
19.7223
19.8002
19.797
19.7269
19.6293
19.5224
19.3983
19.2497
19.0834
18.9653
18.9423
19.0577
19.3193
19.6721
20.0402
20.3363
20.4896
20.4869
20.3391
20.0633
19.6685
19.2
18.7188
18.2855
17.9522
17.7556
17.7307
17.8856
18.2115
18.6368
19.0774
19.4339
19.6494
19.7284
19.7022
19.6167
19.4952
19.345
19.1774
19.0154
18.9072
18.8792
18.9423
19.0644
19.212
19.3554
19.4791
19.6126
19.7734
19.9623
20.1446
20.2516
20.2035
19.9485
19.4971
18.9465
18.4217
18.0213
17.7712
17.6474
17.6146
17.6454
17.7434
17.9341
18.2077
18.5295
18.8592
19.1404
19.3264
19.3876
19.319
19.1588
18.9322
18.6955
18.5119
18.4227
18.4315
18.5314
18.6649
18.7933
18.8708
18.8759
18.819
18.742
18.701
18.7278
18.8351
18.9822
19.1402
19.2756
19.3845
19.4829
19.5912
19.7174
19.8926
20.1108
20.3635
20.5974
20.7407
20.7602
20.6559
20.4429
20.1858
19.941
19.7807
19.7439
19.8334
20.018
20.2191
20.3481
20.3389
20.1741
19.9003
19.5971
19.3612
19.2745
19.3674
19.6371
20.0055
20.3888
20.6951
20.8583
20.8498
20.6974
20.4513
20.1426
19.8289
19.5176
19.2092
18.9237
18.6794
18.5008
18.4001
18.3688
18.3841
18.3786
18.319
18.1924
18.0599
17.971
17.9797
18.1081
18.3213
18.5839
18.8419
19.0473
19.195
19.2426
19.2131
19.1504
19.1192
19.1416
19.2191
19.3314
19.459
19.6084
19.7707
19.9478
20.1047
20.1893
20.1908
20.1206
20.0352
19.9636
19.9127
19.8487
19.7319
19.5364
19.2589
18.9474
18.6775
18.4942
18.4133
18.4252
18.5144
18.6669
18.8411
18.9689
19.0033
18.9717
18.9237
18.8884
18.8708
18.8284
18.7718
18.7007
18.6129
18.5234
18.4479
18.3926
18.3768
18.3967
18.4552
18.5279
18.5951
18.6352
18.6177
18.5367
18.4188
18.2959
18.222
18.2337
18.3308
18.4874
18.6612
18.8051
18.9107
19.0176
19.1427
19.3042
19.4878
19.6604
19.7613
19.7596
19.6443
19.4478
19.209
18.9939
18.8531
18.8442
18.9697
19.1975
19.4813
19.7682
19.9935
20.101
20.067
19.8979
19.6426
19.3872
19.1689
19.0271
18.9469
18.9141
18.9171
18.959
19.0422
19.1553
19.3061
19.4884
19.7038
19.9169
20.0891
20.1826
20.1988
20.1479
20.0667
19.9807
19.9087
19.8471
19.8085
19.8155
19.8623
19.9316
19.9895
20.0047
19.9692
19.8835
19.7764
19.6764
19.5706
19.4581
19.3449
19.2418
19.1671
19.1486
19.2003
19.3308
19.5118
19.6903
19.7965
19.7668
19.6296
19.4474
19.2999
19.2273
19.2235
19.2276
19.2
19.1254
19.0098
18.8704
18.7421
18.6442
18.6151
18.6669
18.7758
18.8982
18.9904
19.0164
18.9526
18.8242
18.6584
18.5005
18.4194
18.447
18.5796
18.7658
18.9592
19.0982
19.1883
19.2298
19.2378
19.2371
19.2533
19.3207
19.429
19.5609
19.642
19.5984
19.4082
19.0983
18.7353
18.3793
18.0857
17.9182
17.8781
17.9573
18.1382
18.4144
18.7575
19.1494
19.5365
19.8677
20.0804
20.1717
20.1388
20.0337
19.9031
19.7998
19.7463
19.7234
19.7091
19.6625
19.5809
19.4651
19.3594
19.2994
19.3125
19.3917
19.5125
19.6256
19.7076
19.7433
19.7263
19.6565
19.5372
19.3912
19.2673
19.2106
19.2448
19.3393
19.4494
19.5071
19.4705
19.338
19.1631
19.0063
18.9073
18.8735
18.897
18.9844
19.1164
19.2807
19.3969
19.4425
19.4067
19.3275
19.2244
19.1237
19.0232
18.9285
18.834
18.7561
18.7084
18.726
18.8205
18.9987
19.2395
19.484
19.6249
19.597
19.4145
19.1419
18.8572
18.6219
18.4555
18.381
18.3781
18.4515
18.5621
18.6654
18.7483
18.8134
18.8857
18.9735
19.0726
19.1333
19.1079
18.9982
18.8376
18.6814
18.5637
18.5139
18.5372
18.6123
18.7012
18.766
18.8053
18.8366
18.8893
18.9745
19.0623
19.1214
19.1298
19.1093
19.1085
19.1579
19.2333
19.294
19.3226
19.3467
19.3723
19.4087
19.4281
19.427
19.392
19.3437
19.2912
19.2564
19.2268
19.1819
19.1102
19.0503
19.0484
19.1502
19.3588
19.659
20.0017
20.2872
20.3943
20.2308
19.8398
19.3658
18.919
18.5837
18.4045
18.3829
18.4992
18.7085
18.9471
19.154
19.294
19.3699
19.3929
19.3656
19.292
19.1878
19.0747
18.9799
18.9152
18.8915
