-4.87734
-4.8824
-4.91947
-4.97193
-5.01417
-5.03914
-5.03433
-5.00109
-4.94041
-4.85779
-4.76081
-4.65132
-4.53973
-4.44733
-4.39227
-4.39659
-4.45712
-4.55496
-4.67017
-4.7761
-4.85781
-4.91809
-4.96606
-5.00878
-5.05236
-5.09336
-5.127
-5.1572
-5.18003
-5.19765
-5.20539
-5.20723
-5.20585
-5.20689
-5.21143
-5.22146
-5.23173
-5.24058
-5.2449
-5.23937
-5.22494
-5.19428
-5.1465
-5.08454
-5.01284
-4.94329
-4.88425
-4.84742
-4.84485
-4.87715
-4.93901
-5.01168
-5.07328
-5.10883
-5.12478
-5.12859
-5.13683
-5.15116
-5.17443
-5.20442
-5.23685
-5.26432
-5.28308
-5.28157
-5.26648
-5.23625
-5.19737
-5.15614
-5.11698
-5.08647
-5.06968
-5.06057
-5.04994
-5.02401
-4.99405
-4.95892
-4.93924
-4.94047
-4.95686
-4.97644
-4.99356
-5.00173
-5.00421
-4.99998
-4.99023
-4.98107
-4.9727
-4.9715
-4.98057
-4.997
-5.01659
-5.03938
-5.06279
-5.09763
-5.12706
-5.15305
-5.17144
-5.17909
-5.16707
-5.13319
-5.082
-5.02072
-4.9693
-4.94426
-4.94863
-4.96966
-4.98287
-4.96816
-4.92503
-4.86543
-4.81407
-4.79916
-4.84318
-4.94078
-5.06261
-5.17569
-5.25811
-5.29564
-5.28741
-5.2312
-5.1341
-5.01636
-4.89814
-4.80021
-4.75214
-4.77338
-4.85732
-4.9763
-5.08313
-5.15506
-5.18494
-5.17855
-5.14558
-5.09433
-5.0309
-4.9644
-4.90445
-4.87125
-4.87106
-4.90006
-4.94595
-4.99236
-5.03113
-5.06413
-5.09491
-5.12228
-5.14671
-5.16012
-5.164
-5.16227
-5.1573
-5.15015
-5.13653
-5.11432
-5.08147
-5.04524
-5.01389
-4.99627
-5.00603
-5.04284
-5.09928
-5.16377
-5.21957
-5.25921
-5.27309
-5.26242
-5.2234
-5.1687
-5.10418
-5.04185
-4.99569
-4.97436
-4.97584
-4.99241
-5.01053
-5.01859
-5.01367
-5.00725
-5.00859
-5.01418
-5.02241
-5.02309
-5.00755
-4.9825
-4.95114
-4.92575
-4.90775
-4.89043
-4.87858
-4.8749
-4.87927
-4.90144
-4.93721
-4.98198
-5.02849
-5.07658
-5.11799
-5.1561
-5.18698
-5.21511
-5.24246
-5.27027
-5.29349
-5.30538
-5.30166
-5.27691
-5.23865
-5.20437
-5.18838
-5.20197
-5.22597
-5.25081
-5.25995
-5.25848
-5.24617
-5.22671
-5.20517
-5.18566
-5.16019
-5.1323
-5.09894
-5.06924
-5.04408
-5.03022
-5.02784
-5.03431
-5.04763
-5.06346
-5.08996
-5.11496
-5.13337
-5.13574
-5.12012
-5.0935
-5.07291
-5.05747
-5.04084
-5.01425
-4.96418
-4.90327
-4.85073
-4.83268
-4.86018
-4.91965
-4.99506
-5.05695
-5.09087
-5.09214
-5.06731
-5.03137
-4.99494
-4.97227
-4.96606
-4.98194
-5.00994
-5.05151
-5.0988
-5.13213
-5.14545
-5.1321
-5.09248
-5.04244
-4.99542
-4.96561
-4.95491
-4.96884
-5.00549
-5.05609
-5.1057
-5.15282
-5.19476
-5.22348
-5.22882
-5.20259
-5.13592
-5.04056
-4.92634
-4.8187
-4.74949
-4.73689
-4.78272
-4.86838
-4.97615
-5.08247
-5.16488
-5.21765
-5.23776
-5.22357
-5.18722
-5.14923
-5.11845
-5.10197
-5.09531
-5.09456
-5.09031
-5.08457
-5.08343
-5.09531
-5.11487
-5.12805
-5.11984
-5.08144
-5.02112
-4.95274
-4.89435
-4.86432
-4.86848
-4.9102
-4.96948
-5.02403
-5.06228
-5.07918
-5.07677
-5.06202
-5.04274
-5.03163
-5.03152
-5.03766
-5.03844
-5.02639
-4.99705
-4.94467
-4.88231
-4.81989
-4.77189
-4.74513
-4.75698
-4.80647
-4.89112
-4.99759
-5.10477
-5.19164
-5.24931
-5.26983
-5.26159
-5.22679
-5.17953
-5.14852
-5.14958
-5.18072
-5.22537
-5.26929
-5.29552
-5.29878
-5.28022
-5.24821
-5.20489
-5.15814
-5.1168
-5.0785
-5.04993
-5.02792
-5.01413
-5.00365
-4.99017
-4.98026
-4.96388
-4.94505
-4.92914
-4.91938
-4.92379
-4.93606
-4.94585
-4.94789
-4.93442
-4.91117
-4.88287
-4.85056
-4.81974
-4.78978
-4.76796
-4.76277
-4.77816
-4.81728
-4.88072
-4.95817
-5.03988
-5.11978
-5.18708
-5.23873
-5.27767
-5.30664
-5.3232
-5.3228
-5.30125
-5.25801
-5.20778
-5.15767
-5.12003
-5.09739
-5.08048
-5.06302
-5.03954
-5.00797
-4.98209
-4.96848
-4.97416
-4.99694
-5.02888
-5.06102
-5.08255
-5.10327
-5.11531
-5.1132
-5.09281
-5.06513
-5.03414
-5.01562
-5.01617
-5.04028
-5.07725
-5.11206
-5.1357
-5.14043
-5.12592
-5.09055
-5.04423
-4.9962
-4.95988
-4.93334
-4.91642
-4.89967
-4.87768
-4.8505
-4.81956
-4.79814
-4.80032
-4.82751
-4.86767
-4.91566
-4.97762
-5.04879
-5.13212
-5.21366
-5.28232
-5.33674
-5.36698
-5.36651
-5.33682
-5.28528
-5.22336
-5.16662
-5.1308
-5.11681
-5.12619
-5.15642
-5.19761
-5.23279
-5.25779
-5.26312
-5.24735
-5.21891
-5.19123
-5.17263
-5.17364
-5.19351
-5.21753
-5.24411
-5.26462
-5.27399
-5.2686
-5.24065
-5.19216
-5.12642
-5.06599
-5.01696
-4.99364
-4.99597
-5.0198
-5.05697
-5.09922
-5.13949
-5.16697
-5.17952
-5.16595
-5.13669
-5.09762
-5.05196
-5.00229
-4.95977
-4.93944
-4.94075
-4.9636
-4.99422
-5.01612
-5.0268
-5.01968
-4.99225
-4.96098
-4.93775
-4.92781
-4.93259
-4.94234
-4.95445
-4.97122
-4.99733
-5.03209
-5.08115
-5.13652
-5.18971
-5.22601
-5.23556
-5.21043
-5.14746
-5.05544
-4.96114
-4.8836
-4.83794
-4.82565
-4.85051
-4.91268
-4.99481
-5.08298
-5.16129
-5.22349
-5.26767
-5.29343
-5.29641
-5.27863
-5.23258
-5.15787
-5.06079
-4.95454
-4.85985
-4.80682
-4.8131
-4.88029
-4.97865
-5.07682
-5.15539
-5.20298
-5.2231
-5.21333
-5.18097
-5.13128
-5.07073
-5.01068
-4.95705
-4.91897
-4.89963
-4.89777
-4.91244
-4.9331
-4.95696
-4.98794
-5.02789
-5.07648
-5.11486
-5.13525
-5.1256
-5.08074
-5.01451
-4.94283
-4.88416
-4.85636
-4.86015
-4.89063
-4.94267
-5.01882
-5.10988
-5.20344
-5.28774
-5.352
-5.38925
-5.39034
-5.3539
-5.27925
-5.18352
-5.08245
-5.0001
-4.95087
-4.93245
-4.9375
-4.95375
-4.97743
-5.00809
-5.04289
-5.0779
-5.10147
-5.10944
-5.09703
-5.07248
-5.04166
-5.01087
-4.98558
-4.95594
-4.91914
-4.87453
-4.82917
-4.79971
-4.80554
-4.85897
-4.95947
-5.0847
-5.20637
-5.29997
-5.3605
-5.39468
-5.41053
-5.41604
-5.40982
-5.38125
-5.33176
-5.26873
-5.19846
-5.13403
-5.08596
-5.06196
-5.06538
-5.08589
-5.12223
-5.16165
-5.1893
-5.19681
-5.18605
-5.15486
-5.11953
-5.08712
-5.07032
-5.07404
-5.09415
-5.11937
-5.13613
-5.13823
-5.12
-5.09403
-5.06487
-5.04126
-5.02416
-5.0098
-4.99246
-4.9715
-4.93657
-4.89266
-4.83916
-4.78873
-4.76027
-4.76008
-4.7866
-4.83881
-4.89876
-4.95585
-4.99195
-4.99882
-4.97555
-4.92793
-4.87542
-4.83978
-4.83655
-4.87082
-4.93156
-5.00116
-5.05652
-5.07689
-5.05643
-4.99316
-4.90908
-4.82217
-4.754
-4.71945
-4.72576
-4.76304
-4.81784
-4.88686
-4.95219
-5.01484
-5.07679
-5.13255
-5.17948
-5.21156
-5.22549
-5.22363
-5.21019
-5.20563
-5.21605
-5.24638
-5.27841
-5.30378
-5.30812
-5.28363
-5.24075
-5.18557
-5.13157
-5.09073
-5.05831
-5.05107
-5.0628
-5.08384
-5.09583
-5.09512
-5.08123
-5.05919
-5.03412
-5.00209
-4.96725
-4.92637
-4.8884
-4.86779
-4.86466
-4.879
-4.89671
-4.91255
-4.923
-4.93679
-4.96288
-5.00602
-5.06832
-5.13938
-5.20021
-5.24149
-5.25881
-5.25402
-5.23276
-5.19833
-5.15867
-5.13016
-5.12596
-5.13767
-5.15298
-5.16465
-5.16882
-5.18016
-5.19126
-5.20269
-5.21713
-5.23105
-5.24204
-5.25095
-5.25108
-5.24454
-5.22893
-5.21122
-5.19359
-5.17942
-5.17847
-5.19317
-5.21609
-5.24114
-5.25482
-5.24877
-5.22446
-5.18674
-5.14386
-5.10889
-5.08503
-5.06025
-5.03415
-5.00101
-4.96386
-4.92871
-4.91231
-4.91993
-4.95448
-5.00627
-5.06809
-5.12338
-5.16349
-5.17176
-5.14701
-5.09712
-5.03251
-4.96453
-4.90884
-4.87897
-4.87982
-4.91225
-4.96675
-5.01937
-5.06517
-5.09155
-5.10495
-5.1089
-5.10683
-5.09738
-5.07926
-5.05683
-5.02634
-4.99102
-4.94766
-4.90465
-4.87038
-4.85529
-4.85761
-4.87714
-4.90409
-4.9315
-4.95229
-4.96846
-4.97554
-4.96551
-4.94212
-4.91073
-4.88163
-4.86413
-4.86088
-4.87568
-4.90197
-4.92979
-4.96281
-4.99793
-5.03234
-5.06433
-5.08958
-5.09996
-5.09342
-5.06684
-5.02708
-4.98648
-4.96172
-4.97047
-5.00124
-5.04205
-5.07544
-5.09122
-5.0879
-5.08275
-5.0849
-5.09745
-5.11923
-5.14683
-5.17074
-5.18973
-5.19328
-5.17819
-5.15103
-5.12217
-5.1008
-5.09513
-5.11254
-5.14352
-5.1831
-5.2222
-5.24188
-5.2362
-5.20624
-5.16547
-5.12122
-5.09177
-5.07106
-5.06001
-5.05516
-5.05134
-5.04431
-5.02425
-4.99588
-4.96
-4.93632
-4.94312
-4.98481
-5.05639
-5.14053
-5.22434
-5.29609
-5.3361
-5.34789
-5.33429
-5.29943
-5.2418
-5.1697
-5.08438
-4.99959
-4.92543
-4.87945
-4.85846
-4.86729
-4.89166
-4.92208
-4.94487
-4.95499
-4.95941
-4.96142
-4.97227
-4.99004
-5.01695
-5.04104
-5.05543
-5.0538
-5.03856
-5.01311
-4.99055
-4.97445
-4.96904
-4.9757
-4.99276
-5.01933
-5.0515
-5.07763
-5.08756
-5.07475
-5.04849
-5.01842
-5.00171
-5.00803
-5.03833
-5.07875
-5.11551
-5.13876
-5.14597
-5.13957
-5.11673
-5.08449
-5.04062
-5.01023
-4.99519
-5.00106
-5.01702
-5.04117
-5.06536
-5.09119
-5.11588
-5.14188
-5.16329
-5.17833
-5.17682
-5.15822
-5.12024
-5.06705
-5.01045
-4.97749
-4.98255
-5.02228
-5.08326
-5.14631
-5.19525
-5.22827
-5.23834
-5.23482
-5.21227
-5.18194
-5.15646
-5.13718
-5.12408
-5.11012
-5.09365
-5.07193
-5.05703
-5.06154
-5.08445
-5.11979
-5.15407
-5.181
-5.19337
-5.19024
-5.17638
-5.16028
-5.15175
-5.1498
-5.15043
-5.14543
-5.13117
-5.11678
-5.10861
-5.11228
-5.1231
-5.12987
-5.12458
-5.11304
-5.10411
-5.10163
-5.09657
-5.08968
-5.07582
-5.06385
-5.05276
-5.04894
-5.04624
-5.04502
-5.03842
-5.03232
-5.03411
-5.04968
-5.06897
-5.08128
-5.07182
-5.03827
-4.98141
-4.91113
-4.85036
-4.82504
-4.86071
-4.94921
-5.0543
-5.1545
-5.22983
-5.26883
-5.27284
-5.24663
-5.20048
-5.14826
-5.10307
-5.07271
-5.05545
-5.049
-5.05438
-5.07067
-5.09313
-5.11694
-5.13562
-5.14743
-5.14853
