-2.81519
-2.81959
-2.8209
-2.82106
-2.81514
-2.81192
-2.807
-2.80319
-2.7985
-2.79422
-2.79392
-2.79405
-2.79464
-2.79902
-2.80268
-2.80999
-2.81524
-2.81521
-2.81661
-2.81769
-2.81633
-2.81461
-2.81349
-2.81225
-2.81398
-2.81588
-2.81474
-2.81546
-2.81509
-2.81717
-2.81767
-2.81884
-2.81917
-2.82016
-2.8206
-2.82253
-2.8226
-2.82203
-2.82082
-2.81672
-2.81415
-2.80991
-2.80588
-2.80415
-2.80325
-2.8054
-2.80743
-2.80956
-2.81411
-2.817
-2.81918
-2.8204
-2.82072
-2.81794
-2.81751
-2.81669
-2.82015
-2.8215
-2.82146
-2.82093
-2.8211
-2.82065
-2.82192
-2.81799
-2.81705
-2.81521
-2.8145
-2.816
-2.81731
-2.81734
-2.81731
-2.81602
-2.8155
-2.81124
-2.81441
-2.81348
-2.81504
-2.81704
-2.81808
-2.81734
-2.81802
-2.81638
-2.81572
-2.81452
-2.81228
-2.81202
-2.80992
-2.80873
-2.81011
-2.81254
-2.81443
-2.8167
-2.81556
-2.82114
-2.81915
-2.81661
-2.81485
-2.81556
-2.81422
-2.81205
-2.81267
-2.81353
-2.81582
-2.81803
-2.81872
-2.81858
-2.817
-2.81355
-2.81192
-2.8119
-2.81465
-2.81955
-2.82666
-2.83088
-2.82931
-2.82451
-2.82051
-2.81548
-2.8126
-2.8088
-2.80418
-2.80405
-2.80722
-2.81034
-2.81673
-2.82377
-2.82594
-2.828
-2.82513
-2.8214
-2.81675
-2.81282
-2.81108
-2.81113
-2.81102
-2.81124
-2.80989
-2.81367
-2.81923
-2.8234
-2.82571
-2.82507
-2.8227
-2.82122
-2.821
-2.81997
-2.82175
-2.82175
-2.82104
-2.82005
-2.81852
-2.81778
-2.81636
-2.81535
-2.81353
-2.81404
-2.81571
-2.81558
-2.81827
-2.8214
-2.82323
-2.8243
-2.82206
-2.82113
-2.81912
-2.81913
-2.81501
-2.81415
-2.81429
-2.81576
-2.81887
-2.82191
-2.82241
-2.82282
-2.82386
-2.82374
-2.82071
-2.82014
-2.82314
-2.82278
-2.82252
-2.82197
-2.81893
-2.81842
-2.81587
-2.8161
-2.81793
-2.81601
-2.81609
-2.81854
-2.81828
-2.82083
-2.82212
-2.82242
-2.82114
-2.82307
-2.82257
-2.82399
-2.82296
-2.82213
-2.82146
-2.82191
-2.82185
-2.82076
-2.8208
-2.81901
-2.81763
-2.8194
-2.82067
-2.82554
-2.82519
-2.82664
-2.82367
-2.82341
-2.82292
-2.82126
-2.81983
-2.82189
-2.82087
-2.82145
-2.81941
-2.81982
-2.81815
-2.81759
-2.81849
-2.82044
-2.823
-2.82172
-2.82483
-2.82373
-2.82193
-2.81942
-2.81746
-2.81603
-2.81933
-2.8194
-2.81626
-2.81533
-2.81198
-2.8125
-2.81378
-2.81671
-2.82127
-2.8219
-2.82419
-2.82309
-2.82006
-2.81487
-2.80954
-2.80841
-2.80862
-2.81213
-2.81409
-2.81883
-2.81901
-2.81999
-2.82119
-2.81631
-2.81357
-2.81273
-2.80991
-2.80857
-2.8073
-2.80938
-2.81067
-2.81224
-2.81315
-2.81531
-2.81539
-2.8163
-2.81688
-2.81521
-2.81236
-2.81065
-2.80572
-2.8047
-2.80304
-2.80309
-2.80877
-2.81614
-2.8228
-2.82447
-2.82609
-2.82629
-2.82105
-2.81721
-2.81687
-2.81506
-2.81248
-2.81374
-2.81404
-2.81502
-2.81563
-2.81945
-2.82154
-2.82189
-2.82002
-2.81954
-2.81877
-2.81673
-2.81346
-2.80833
-2.80669
-2.80883
-2.81244
-2.81662
-2.8172
-2.82095
-2.8228
-2.8199
-2.81593
-2.81242
-2.81003
-2.80885
-2.80707
-2.80798
-2.80965
-2.80997
-2.80686
-2.80438
-2.80486
-2.80164
-2.80034
-2.80049
-2.80479
-2.80743
-2.81425
-2.81853
-2.82215
-2.82533
-2.82588
-2.82181
-2.81809
-2.8123
-2.81146
-2.81105
-2.80954
-2.81172
-2.8151
-2.8184
-2.81995
-2.82197
-2.82037
-2.81767
-2.81622
-2.81856
-2.81758
-2.81386
-2.81291
-2.81084
-2.81224
-2.8121
-2.81269
-2.81253
-2.80945
-2.81238
-2.81206
-2.81166
-2.8125
-2.81136
-2.81195
-2.81055
-2.80665
-2.80612
-2.80537
-2.80592
-2.80656
-2.80599
-2.80858
-2.8095
-2.80974
-2.81185
-2.81416
-2.81598
-2.81923
-2.82118
-2.82216
-2.82495
-2.82532
-2.82332
-2.82121
-2.81984
-2.81779
-2.8155
-2.81304
-2.80851
-2.80833
-2.80746
-2.8079
-2.80943
-2.80845
-2.80793
-2.80818
-2.80572
-2.80652
-2.80697
-2.80735
-2.80735
-2.80854
-2.81133
-2.80855
-2.81023
-2.81055
-2.80904
-2.8052
-2.80725
-2.80873
-2.81121
-2.81101
-2.81192
-2.81224
-2.81025
-2.80889
-2.80802
-2.80978
-2.80983
-2.81024
-2.80947
-2.81163
-2.81118
-2.8111
-2.80925
-2.8072
-2.80781
-2.80804
-2.80932
-2.81339
-2.81845
-2.81907
-2.81707
-2.81942
-2.82014
-2.82455
-2.82553
-2.82104
-2.81892
-2.81711
-2.81405
-2.81135
-2.80967
-2.8081
-2.80819
-2.81381
-2.81772
-2.81862
-2.81863
-2.81925
-2.81671
-2.81725
-2.81717
-2.81544
-2.81437
-2.81558
-2.81493
-2.81582
-2.81906
-2.81753
-2.81787
-2.8177
-2.81646
-2.81504
-2.81088
-2.80847
-2.80552
-2.81042
-2.81257
-2.8156
-2.81802
-2.82073
-2.82271
-2.82297
-2.82265
-2.82041
-2.82243
-2.82035
-2.82029
-2.82083
-2.82101
-2.81955
-2.8186
-2.82156
-2.82197
-2.82404
-2.82548
-2.82221
-2.82146
-2.82125
-2.81653
-2.8143
-2.81471
-2.8155
-2.81733
-2.81498
-2.81185
-2.81212
-2.816
-2.81642
-2.81811
-2.81981
-2.82338
-2.82405
-2.82176
-2.81832
-2.81506
-2.81219
-2.8142
-2.81588
-2.81918
-2.82175
-2.82511
-2.83079
-2.83175
-2.83067
-2.82706
-2.82385
-2.82221
-2.82157
-2.81816
-2.81693
-2.8144
-2.81168
-2.81022
-2.80992
-2.80988
-2.81373
-2.81811
-2.82462
-2.82732
-2.82624
-2.8243
-2.81997
-2.81833
-2.81449
-2.81145
-2.80903
-2.80675
-2.80762
-2.80869
-2.81138
-2.81402
-2.81482
-2.81696
-2.81653
-2.81526
-2.81629
-2.81731
-2.81893
-2.81407
-2.81159
-2.81078
-2.80778
-2.8078
-2.80924
-2.80993
-2.81396
-2.81916
-2.8231
-2.82323
-2.82545
-2.8274
-2.8275
-2.8261
-2.82311
-2.82029
-2.81585
-2.81345
-2.81078
-2.81257
-2.81256
-2.81242
-2.81412
-2.81528
-2.81643
-2.81535
-2.81548
-2.81793
-2.81933
-2.81964
-2.81692
-2.8162
-2.81503
-2.81632
-2.81688
-2.81565
-2.8162
-2.81315
-2.81051
-2.80977
-2.81062
-2.81397
-2.81986
-2.82533
-2.82994
-2.832
-2.8332
-2.83134
-2.8286
-2.82615
-2.82229
-2.81979
-2.81971
-2.8166
-2.81366
-2.81376
-2.81368
-2.8148
-2.81627
-2.81789
-2.82129
-2.82017
-2.82075
-2.82048
-2.81701
-2.81278
-2.81324
-2.81103
-2.81163
-2.81094
-2.81319
-2.8183
-2.82233
-2.82246
-2.81958
-2.81834
-2.81482
-2.81571
-2.81625
-2.8173
-2.81812
-2.81909
-2.81876
-2.8194
-2.81473
-2.8132
-2.81119
-2.80969
-2.81276
-2.81641
-2.81722
-2.82001
-2.81847
-2.81755
-2.8149
-2.81295
-2.81237
-2.81053
-2.81034
-2.81284
-2.81622
-2.81999
-2.8219
-2.82325
-2.82312
-2.81929
-2.81571
-2.80877
-2.80693
-2.80705
-2.80879
-2.81127
-2.81627
-2.81903
-2.81731
-2.81999
-2.81816
-2.81655
-2.81747
-2.81737
-2.81836
-2.81928
-2.8192
-2.81889
-2.81569
-2.81832
-2.82115
-2.82587
-2.82361
-2.82232
-2.82109
-2.81669
-2.81533
-2.81375
-2.81453
-2.81948
-2.81568
-2.81611
-2.81774
-2.82105
-2.82003
-2.81894
-2.81783
-2.81723
-2.81816
-2.81608
-2.81649
-2.81505
-2.81393
-2.81679
-2.81629
-2.81609
-2.81432
-2.8153
-2.81603
-2.81863
-2.8225
-2.82431
-2.82555
-2.82652
-2.82519
-2.82508
-2.82423
-2.82083
-2.81845
-2.81856
-2.81891
-2.81921
-2.82204
-2.82315
-2.82299
-2.82341
-2.82035
-2.82384
-2.82413
-2.8221
-2.82097
-2.81863
-2.81563
-2.81567
-2.81363
-2.81307
-2.81198
-2.8146
-2.81725
-2.81661
-2.81759
-2.8211
-2.82245
-2.82313
-2.82072
-2.81666
-2.8154
-2.81552
-2.81328
-2.81197
-2.81295
-2.80991
-2.80985
-2.81017
-2.81048
-2.80856
-2.81058
-2.81318
-2.8169
-2.8169
-2.816
-2.81158
-2.81088
-2.80857
-2.80527
-2.80285
-2.80158
-2.80037
-2.80091
-2.80323
-2.80425
-2.80676
-2.81265
-2.8132
-2.81578
-2.81333
-2.81151
-2.81007
-2.80973
-2.80873
-2.80582
-2.8046
-2.8016
-2.80202
-2.80186
-2.80295
-2.80373
-2.80636
-2.80659
-2.8084
-2.80974
-2.81054
-2.80808
-2.80756
-2.80825
-2.80578
-2.80422
-2.80378
-2.80535
-2.80814
-2.80831
-2.81
-2.8129
-2.81317
-2.81578
-2.81676
-2.81538
-2.81479
-2.81537
-2.81382
-2.81286
-2.81108
-2.81051
-2.81146
-2.8141
-2.82186
-2.8219
-2.81899
-2.81786
-2.81911
-2.81742
-2.81858
-2.82088
-2.82235
-2.82284
-2.82316
-2.81956
-2.81837
-2.81661
-2.81425
-2.81395
-2.81614
-2.81811
-2.81938
-2.82394
-2.8244
-2.82349
-2.82417
-2.82072
-2.81673
-2.81393
-2.81578
-2.81507
-2.81984
-2.82102
-2.82126
-2.82073
-2.81957
-2.82031
-2.81877
-2.82043
-2.81935
-2.82039
-2.82419
-2.82699
-2.8302
-2.83029
-2.82953
-2.83042
-2.82376
-2.81763
-2.81404
-2.81346
-2.81033
-2.80952
-2.80716
-2.80762
-2.80783
-2.8129
-2.81357
-2.81715
-2.81831
-2.81955
-2.81826
-2.81548
-2.81678
-2.81802
-2.82189
-2.82198
-2.82278
-2.82033
-2.8179
-2.81639
-2.81797
-2.8183
-2.82019
-2.82023
-2.82061
-2.82266
-2.82384
-2.82347
-2.82315
-2.82227
-2.82154
-2.81892
-2.81887
-2.81868
-2.82027
-2.82186
-2.82376
-2.82373
-2.82421
-2.82553
-2.82607
-2.82637
-2.82397
-2.82549
-2.82163
-2.82463
-2.82536
-2.82768
-2.82695
-2.82827
-2.82741
-2.82745
-2.82614
-2.82666
-2.82523
-2.82451
-2.82058
-2.81849
-2.8181
-2.81927
-2.81984
-2.82378
-2.82669
-2.82669
-2.82822
-2.83051
-2.82934
-2.82937
-2.8261
-2.82824
-2.82643
-2.82454
-2.82608
-2.82627
-2.82598
-2.82465
-2.82602
-2.82548
-2.82518
-2.82692
-2.8273
-2.8282
-2.82712
-2.82633
-2.82445
-2.82268
-2.82165
-2.82094
-2.82235
-2.8232
-2.82434
-2.82428
-2.82235
-2.82348
-2.82461
-2.82459
-2.82289
-2.8209
-2.81905
-2.81915
-2.81946
-2.81989
-2.81697
-2.81761
-2.81665
-2.81817
-2.81673
-2.81777
-2.81749
-2.81982
-2.81934
-2.81851
-2.81743
-2.81757
-2.81519
-2.81393
-2.8112
-2.80935
-2.80737
-2.80645
-2.80955
-2.81215
-2.81751
-2.82362
-2.82264
-2.82246
-2.82199
-2.81819
-2.81389
-2.81022
-2.80869
-2.80962
-2.81207
-2.81526
-2.81634
-2.81553
-2.8159
-2.81743
-2.8179
-2.81802
-2.81762
-2.81867
-2.81782
