     0
     0
     0
     0
     0
     0
     0
     0
     0
     0
     0
     0
     0
     0
0.130428
0.976446
1.89843
2.14091
2.01277
1.79948
1.55379
1.38412
1.27388
1.21708
1.12381
1.06679
1.0617
1.03799
1.05359
1.05432
1.04642
1.04268
1.01294
1.04042
1.05005
1.03655
1.0015
1.00634
0.991753
0.992149
1.01018
0.993659
0.995192
0.982788
0.984722
0.988877
0.965489
0.970782
0.979866
0.989187
0.977806
0.983279
0.978587
0.985795
0.968141
0.964529
0.971735
0.97905
0.964703
0.967647
0.971282
0.970572
0.975468
0.983343
0.972445
0.979532
0.970265
0.968085
0.968283
0.979706
0.973989
0.978232
0.968926
0.98149
0.974624
0.97296
0.97455
0.978754
0.972371
0.96581
0.967618
0.967806
0.976191
0.968112
0.978629
0.973866
0.973452
0.976954
0.968873
0.983122
0.970216
0.977746
0.976084
0.976454
0.972465
0.97474
0.972937
0.977979
0.973174
0.969759
     0
     0
     0
     0
     0
     0
     0
     0
     0
     0
     0
     0
     0
0.000265429
0.134651
0.999372
1.88603
2.12691
2.00601
1.75955
1.54558
1.38544
1.2802
1.18226
1.1337
1.09486
1.05517
1.02306
1.03365
1.05308
1.0397
1.03476
1.01326
1.03133
1.02765
1.01395
0.996326
1.00033
0.987938
0.993744
0.997896
0.986961
0.993758
0.977226
0.98042
0.987569
0.96876
0.973939
0.975939
0.987299
0.978322
0.97763
0.976778
0.977795
0.971647
0.97787
0.972246
0.980118
0.970113
0.967462
0.97075
0.968442
0.97808
0.97444
0.978314
0.980863
0.97506
0.967414
0.973598
0.976337
0.975983
0.978402
0.973896
0.982014
0.973285
0.973912
0.974643
0.975083
0.97292
0.97298
0.9679
0.974091
0.973841
0.969915
0.971706
0.97376
0.974931
0.979575
0.968796
0.978275
0.972863
0.976463
0.97284
0.978209
0.974802
0.97555
0.976496
0.976191
0.972428
0.973794
     0
     0
     0
     0
     0
     0
     0
     0
     0
     0
     0
     0
     0
0.000700524
0.13699
0.994104
1.87771
2.11369
1.96874
1.75274
1.54986
1.39883
1.27677
1.19027
1.1329
1.09904
1.05494
1.03314
1.04311
1.04277
1.04595
1.03688
1.01692
1.02285
1.02212
1.01112
1.00095
1.00084
0.99972
0.992925
1.0003
0.990611
0.990777
0.985157
0.984843
0.98875
0.975612
0.98137
0.977258
0.985312
0.976567
0.977958
0.976918
0.981998
0.974723
0.977156
0.974799
0.978759
0.968155
0.971404
0.972961
0.973203
0.982169
0.977658
0.978078
0.980011
0.975322
0.965481
0.97802
0.976747
0.979149
0.977548
0.973798
0.978843
0.976209
0.971684
0.97246
0.977063
0.974701
0.971629
0.974154
0.975056
0.975215
0.973236
0.973481
0.973642
0.976696
0.979534
0.968992
0.977565
0.974126
0.973758
0.971029
0.977529
0.974888
0.97598
0.974293
0.977908
0.972804
0.97414
     0
     0
     0
     0
     0
     0
     0
     0
     0
     0
     0
     0
     0
0.000790928
0.134397
0.995441
1.88397
2.08923
1.95501
1.74366
1.53517
1.38112
1.28038
 1.186
1.13589
1.09997
1.05869
1.0346
1.03916
1.03338
1.03876
1.03197
1.01892
1.02278
1.01833
1.01254
1.00519
0.995833
1.00129
0.992397
1.00094
0.995993
0.993445
0.985488
0.987992
0.991924
0.978901
0.980991
0.980846
0.986524
0.974221
0.98029
0.976443
0.980893
0.977966
0.981178
0.975939
0.976396
0.97375
0.974263
0.975213
0.97548
0.982666
0.97738
0.976651
0.97845
0.977745
0.969045
0.977774
0.980003
0.980131
0.97749
0.972374
0.976965
0.976802
0.973036
0.972899
0.978134
0.973912
0.970494
0.973228
0.97349
0.977709
0.973659
0.975166
0.972861
0.974004
0.979328
0.971736
0.976057
0.974888
0.973786
0.97244
0.975501
0.973809
0.97526
0.97456
0.977939
0.972887
0.974611
     0
     0
     0
     0
     0
     0
     0
     0
     0
     0
     0
     0
     0
0.00084493
0.134861
0.989392
1.90052
2.1019
1.96128
1.73578
1.52988
1.38057
1.28175
1.18618
1.1401
1.09388
1.06156
1.04566
1.03372
1.03571
1.03449
1.03504
1.02051
1.02387
1.01789
1.01467
1.00764
0.997335
1.0048
0.995647
0.999451
0.996494
0.99369
0.985566
0.989706
0.990821
0.979719
0.98494
0.982399
0.987735
0.978888
0.978896
0.976361
0.981178
0.979451
0.979261
0.975694
0.976079
0.977685
0.976514
0.978673
0.97419
0.983374
0.977225
0.976271
0.97702
0.974385
0.971366
0.974905
0.979515
0.97869
0.978719
0.976917
0.976205
0.975668
0.973788
0.973229
0.976355
0.972854
0.971469
0.974157
0.973614
0.97469
0.973348
0.976891
0.974583
0.973898
0.979522
0.972074
0.97585
0.973982
0.97303
0.974288
0.974609
0.973954
0.974619
0.973838
0.977266
0.973553
0.974849
     0
     0
     0
     0
     0
     0
     0
     0
     0
     0
     0
     0
     0
0.000704109
0.135942
0.99552
1.90246
2.12543
1.97362
1.73675
1.52474
1.39378
1.2843
1.19174
1.14751
1.09057
1.06519
1.04956
1.03561
1.03569
1.03761
1.03679
1.02141
1.02365
1.02057
1.01256
1.01227
1.00147
1.00676
0.996989
0.998087
0.996132
0.99342
0.986744
0.990586
0.989553
0.980417
0.98634
0.985416
0.989234
0.981458
0.983424
0.97517
0.981204
0.97823
0.977304
0.977369
0.976778
0.974999
0.97864
0.978654
0.975822
0.983144
0.977539
0.977366
0.978429
0.974826
0.970951
0.976977
0.978169
0.977672
0.97734
0.976378
0.976494
0.977893
0.973662
0.972637
0.975382
0.972653
0.971515
0.973807
0.974102
0.972971
0.971084
0.977312
0.975263
0.972343
0.979422
0.972096
0.97539
0.97272
0.973095
0.974754
0.974629
0.973493
0.97574
0.973894
0.97639
0.9732
0.974625
     0
     0
     0
     0
     0
     0
     0
     0
     0
     0
     0
     0
     0
0.000603522
0.134596
0.997879
1.91517
2.12197
1.97649
1.73638
1.52261
1.38562
1.29223
1.19821
1.14809
1.09576
1.06515
1.04781
1.03144
1.03538
1.03562
1.03708
1.02109
1.02097
1.01847
1.01162
1.0097
1.00098
1.00538
0.995819
0.999782
0.996212
0.992758
0.985652
0.989158
0.987438
0.980863
0.986954
0.98387
0.989211
0.983478
0.982485
0.977117
0.981291
0.978975
0.977469
0.976619
0.978452
0.974781
0.977423
0.976882
0.977206
0.981234
0.977419
0.976716
0.979325
0.974763
0.97154
0.975943
0.978231
0.975068
0.977813
0.97581
0.977946
0.977182
0.973983
0.973656
0.974881
0.973285
0.972543
0.97404
0.972837
0.974568
0.971917
0.978132
0.975505
0.971373
0.978996
0.973848
0.975017
0.973829
0.973276
0.975376
0.974263
0.97415
0.97565
0.972863
0.976303
0.974928
0.974519
     0
     0
     0
     0
     0
     0
     0
     0
     0
     0
     0
     0
     0
0.000662228
0.135925
0.996354
1.91606
2.13562
1.98111
1.7302
1.53024
1.38742
1.29298
1.20346
1.14794
1.10191
1.06633
1.04763
1.03454
1.03588
1.03824
1.0386
1.02138
1.0229
1.0187
1.01458
1.01211
1.00607
1.00123
0.995853
1.00039
0.995329
0.993399
0.987007
0.989111
0.987086
0.981804
0.983785
0.983704
0.987801
0.982325
0.984585
0.9796
0.982242
0.978304
0.977103
0.977338
0.97776
0.974575
0.976462
0.975181
0.976815
0.980921
0.975504
0.976285
0.979331
0.974407
0.972736
0.975853
0.977458
0.975012
0.976577
0.974696
0.978296
0.975134
0.974882
0.973556
0.974914
0.974361
0.972701
0.9744
0.972613
0.974319
0.973318
0.976794
0.97496
0.97046
0.977186
0.974141
0.974757
0.972786
0.973313
0.974259
0.974678
0.973524
0.975149
0.972743
0.976121
0.975391
0.97419
     0
     0
     0
     0
     0
     0
     0
     0
     0
     0
     0
     0
     0
0.000648369
0.138019
0.996945
1.92642
2.14075
1.98684
1.73577
 1.535
1.38696
1.29386
1.20105
1.14981
1.10249
1.06773
1.04948
1.03376
1.03758
1.03785
1.03694
1.02291
1.02378
1.02117
1.01376
1.01082
1.00641
1.00181
0.99438
0.998943
0.996079
0.993673
0.985191
0.986442
0.986556
0.982169
0.983751
0.981758
0.987689
0.981858
0.982814
0.978533
0.982887
0.977327
0.976618
0.978732
0.976317
0.973454
0.973391
0.975712
0.975557
0.979494
0.976125
0.975725
0.97909
0.974376
0.972928
0.975783
0.975686
0.974832
0.975269
0.97534
0.97743
0.975199
0.973898
0.974248
0.974128
0.974885
0.972189
0.97459
0.972725
0.97318
0.972946
0.975725
0.974949
0.970975
0.976317
0.974506
0.974688
0.973089
0.973065
0.973762
0.97466
0.972936
0.975272
0.973642
0.976731
0.974429
0.974819
     0
     0
     0
     0
     0
     0
     0
     0
     0
     0
     0
     0
     0
0.000635609
0.138173
0.995508
1.93422
2.1451
1.98686
1.73796
1.53276
1.38889
1.29319
1.20045
1.14987
1.09869
1.0698
1.05013
1.03753
1.03638
1.03773
1.03633
1.02281
1.02484
1.01918
1.0124
1.0087
 1.006
1.00202
0.993959
0.997869
0.998075
0.992787
 0.985
0.98684
0.986413
0.981599
0.982913
0.980006
0.98751
0.982226
0.98221
0.980008
0.98191
0.977066
0.97557
0.977442
0.976696
0.97402
0.97312
0.975378
0.975237
0.978798
0.976228
0.975744
0.979765
0.975409
0.972556
0.976229
0.974985
0.975451
0.975303
0.974929
0.977472
0.976021
0.973007
0.974063
0.973845
0.974935
0.972923
0.975295
0.97418
0.973495
0.973864
0.976202
0.97411
0.970778
0.975789
0.974952
0.974739
0.973457
0.974027
0.974788
0.974552
0.973175
0.97518
0.973494
0.976824
0.975122
0.975148
     0
     0
     0
     0
     0
     0
     0
     0
     0
     0
     0
     0
     0
     0
0.130428
0.976446
1.89843
2.14091
2.01277
1.79948
1.55379
1.38412
1.27388
1.21708
1.12381
1.06679
1.0617
1.03799
1.05359
1.05432
1.04642
1.04268
1.01294
1.04042
1.05005
1.03655
1.0015
1.00634
0.991753
0.992149
1.01018
0.993659
0.995192
0.982788
0.984722
0.988877
0.965489
0.970782
0.979866
0.989187
0.977806
0.983279
0.978587
0.985795
0.968141
0.964529
0.971735
0.97905
0.964703
0.967647
0.971282
0.970572
0.975468
0.983343
0.972445
0.979532
0.970265
0.968085
0.968283
0.979706
0.973989
0.978232
0.968926
0.98149
0.974624
0.97296
0.97455
0.978754
0.972371
0.96581
0.967618
0.967806
0.976191
0.968112
0.978629
0.973866
0.973452
0.976954
0.968873
0.983122
0.970216
0.977746
0.976084
0.976454
0.972465
0.97474
0.972937
0.977979
0.973174
0.969759
     0
     0
     0
     0
     0
     0
     0
     0
     0
     0
     0
     0
     0
0.000265429
0.134651
0.999372
1.88603
2.12691
2.00601
1.75955
1.54558
1.38544
1.2802
1.18226
1.1337
1.09486
1.05517
1.02306
1.03365
1.05308
1.0397
1.03476
1.01326
1.03133
1.02765
1.01395
0.996326
1.00033
0.987938
0.993744
0.997896
0.986961
0.993758
0.977226
0.98042
0.987569
0.96876
0.973939
0.975939
0.987299
0.978322
0.97763
0.976778
0.977795
0.971647
0.97787
0.972246
0.980118
0.970113
0.967462
0.97075
0.968442
0.97808
0.97444
0.978314
0.980863
0.97506
0.967414
0.973598
0.976337
0.975983
0.978402
0.973896
0.982014
0.973285
0.973912
0.974643
0.975083
0.97292
0.97298
0.9679
0.974091
0.973841
0.969915
0.971706
0.97376
0.974931
0.979575
0.968796
0.978275
0.972863
0.976463
0.97284
0.978209
0.974802
0.97555
0.976496
0.976191
0.972428
0.973794
     0
     0
     0
     0
     0
     0
     0
     0
     0
     0
     0
     0
     0
0.000700524
0.13699
0.994104
1.87771
2.11369
1.96874
1.75274
1.54986
1.39883
1.27677
1.19027
1.1329
1.09904
1.05494
1.03314
1.04311
1.04277
1.04595
1.03688
1.01692
1.02285
1.02212
1.01112
1.00095
1.00084
0.99972
0.992925
1.0003
0.990611
0.990777
0.985157
0.984843
0.98875
0.975612
0.98137
0.977258
0.985312
0.976567
0.977958
0.976918
0.981998
0.974723
0.977156
0.974799
0.978759
0.968155
0.971404
0.972961
0.973203
0.982169
0.977658
0.978078
0.980011
0.975322
0.965481
0.97802
0.976747
0.979149
0.977548
0.973798
0.978843
0.976209
0.971684
0.97246
0.977063
0.974701
0.971629
0.974154
0.975056
0.975215
0.973236
0.973481
0.973642
0.976696
0.979534
0.968992
0.977565
0.974126
0.973758
0.971029
0.977529
0.974888
0.97598
0.974293
0.977908
0.972804
0.97414
     0
     0
     0
     0
     0
     0
     0
     0
     0
     0
     0
     0
     0
0.000790928
0.134397
0.995441
1.88397
2.08923
1.95501
1.74366
1.53517
1.38112
1.28038
 1.186
1.13589
1.09997
1.05869
1.0346
1.03916
1.03338
1.03876
1.03197
1.01892
1.02278
1.01833
1.01254
1.00519
0.995833
1.00129
0.992397
1.00094
0.995993
0.993445
0.985488
0.987992
0.991924
0.978901
0.980991
0.980846
0.986524
0.974221
0.98029
0.976443
0.980893
0.977966
0.981178
0.975939
0.976396
0.97375
0.974263
0.975213
0.97548
0.982666
0.97738
0.976651
0.97845
0.977745
0.969045
0.977774
0.980003
0.980131
0.97749
0.972374
0.976965
0.976802
0.973036
0.972899
0.978134
0.973912
0.970494
0.973228
0.97349
0.977709
0.973659
0.975166
0.972861
0.974004
0.979328
0.971736
0.976057
0.974888
0.973786
0.97244
0.975501
0.973809
0.97526
0.97456
0.977939
0.972887
0.974611
     0
     0
     0
     0
     0
     0
     0
     0
     0
     0
     0
     0
     0
0.00084493
0.134861
0.989392
1.90052
2.1019
1.96128
1.73578
1.52988
1.38057
1.28175
1.18618
1.1401
1.09388
1.06156
1.04566
1.03372
1.03571
1.03449
1.03504
1.02051
1.02387
1.01789
1.01467
1.00764
0.997335
1.0048
0.995647
0.999451
0.996494
0.99369
0.985566
0.989706
0.990821
0.979719
0.98494
0.982399
0.987735
0.978888
0.978896
0.976361
0.981178
0.979451
0.979261
0.975694
0.976079
0.977685
0.976514
0.978673
0.97419
0.983374
0.977225
0.976271
0.97702
0.974385
0.971366
0.974905
0.979515
0.97869
0.978719
0.976917
0.976205
0.975668
0.973788
0.973229
0.976355
0.972854
0.971469
0.974157
0.973614
0.97469
0.973348
0.976891
0.974583
0.973898
0.979522
0.972074
0.97585
0.973982
0.97303
0.974288
0.974609
0.973954
0.974619
0.973838
0.977266
0.973553
0.974849
     0
     0
     0
     0
     0
     0
     0
     0
     0
     0
     0
     0
     0
0.000704109
0.135942
0.99552
1.90246
2.12543
1.97362
1.73675
1.52474
1.39378
1.2843
1.19174
1.14751
1.09057
1.06519
1.04956
1.03561
1.03569
1.03761
1.03679
1.02141
1.02365
1.02057
1.01256
1.01227
1.00147
1.00676
0.996989
0.998087
0.996132
0.99342
0.986744
0.990586
0.989553
0.980417
0.98634
0.985416
0.989234
0.981458
0.983424
0.97517
0.981204
0.97823
0.977304
0.977369
0.976778
0.974999
0.97864
0.978654
0.975822
0.983144
0.977539
0.977366
0.978429
0.974826
0.970951
0.976977
0.978169
0.977672
0.97734
0.976378
0.976494
0.977893
0.973662
0.972637
0.975382
0.972653
0.971515
0.973807
0.974102
0.972971
0.971084
0.977312
0.975263
0.972343
0.979422
0.972096
0.97539
0.97272
0.973095
0.974754
0.974629
0.973493
0.97574
0.973894
0.97639
0.9732
0.974625
     0
     0
     0
     0
     0
     0
     0
     0
     0
     0
     0
     0
     0
0.000603522
0.134596
0.997879
1.91517
2.12197
1.97649
1.73638
1.52261
1.38562
1.29223
1.19821
1.14809
1.09576
1.06515
1.04781
1.03144
1.03538
1.03562
1.03708
1.02109
1.02097
1.01847
1.01162
1.0097
1.00098
1.00538
0.995819
0.999782
0.996212
0.992758
0.985652
0.989158
0.987438
0.980863
0.986954
0.98387
0.989211
0.983478
0.982485
0.977117
0.981291
0.978975
0.977469
0.976619
0.978452
0.974781
0.977423
0.976882
0.977206
0.981234
0.977419
0.976716
0.979325
0.974763
0.97154
0.975943
0.978231
0.975068
0.977813
0.97581
0.977946
0.977182
0.973983
0.973656
0.974881
0.973285
0.972543
0.97404
0.972837
0.974568
0.971917
0.978132
0.975505
0.971373
0.978996
0.973848
0.975017
0.973829
0.973276
0.975376
0.974263
0.97415
0.97565
0.972863
0.976303
0.974928
0.974519
     0
     0
     0
     0
     0
     0
     0
     0
     0
     0
     0
     0
     0
0.000662228
0.135925
0.996354
1.91606
2.13562
1.98111
1.7302
1.53024
1.38742
1.29298
1.20346
1.14794
1.10191
1.06633
1.04763
1.03454
1.03588
1.03824
1.0386
1.02138
1.0229
1.0187
1.01458
1.01211
1.00607
1.00123
0.995853
1.00039
0.995329
0.993399
0.987007
0.989111
0.987086
0.981804
0.983785
0.983704
0.987801
0.982325
0.984585
0.9796
0.982242
0.978304
0.977103
0.977338
0.97776
0.974575
0.976462
0.975181
0.976815
0.980921
0.975504
0.976285
0.979331
0.974407
0.972736
0.975853
0.977458
0.975012
0.976577
0.974696
0.978296
0.975134
0.974882
0.973556
0.974914
0.974361
0.972701
0.9744
0.972613
0.974319
0.973318
0.976794
0.97496
0.97046
0.977186
0.974141
0.974757
0.972786
0.973313
0.974259
0.974678
0.973524
0.975149
0.972743
0.976121
0.975391
0.97419
     0
     0
     0
     0
     0
     0
     0
     0
     0
     0
     0
     0
     0
0.000648369
0.138019
0.996945
1.92642
2.14075
1.98684
1.73577
 1.535
1.38696
1.29386
1.20105
1.14981
1.10249
1.06773
1.04948
1.03376
1.03758
1.03785
1.03694
1.02291
1.02378
1.02117
1.01376
1.01082
1.00641
1.00181
0.99438
0.998943
0.996079
0.993673
0.985191
0.986442
0.986556
0.982169
0.983751
0.981758
0.987689
0.981858
0.982814
0.978533
0.982887
0.977327
0.976618
0.978732
0.976317
0.973454
0.973391
0.975712
0.975557
0.979494
0.976125
0.975725
0.97909
0.974376
0.972928
0.975783
0.975686
0.974832
0.975269
0.97534
0.97743
0.975199
0.973898
0.974248
0.974128
0.974885
0.972189
0.97459
0.972725
0.97318
0.972946
0.975725
0.974949
0.970975
0.976317
0.974506
0.974688
0.973089
0.973065
0.973762
0.97466
0.972936
0.975272
0.973642
0.976731
0.974429
0.974819
     0
     0
     0
     0
     0
     0
     0
     0
     0
     0
     0
     0
     0
0.000635609
0.138173
0.995508
1.93422
2.1451
1.98686
1.73796
1.53276
1.38889
1.29319
1.20045
1.14987
1.09869
1.0698
1.05013
1.03753
1.03638
1.03773
1.03633
1.02281
1.02484
1.01918
1.0124
1.0087
 1.006
1.00202
0.993959
0.997869
0.998075
0.992787
 0.985
0.98684
0.986413
0.981599
0.982913
0.980006
0.98751
0.982226
0.98221
0.980008
0.98191
0.977066
0.97557
0.977442
0.976696
0.97402
0.97312
0.975378
0.975237
0.978798
0.976228
0.975744
0.979765
0.975409
0.972556
0.976229
0.974985
0.975451
0.975303
0.974929
0.977472
0.976021
0.973007
0.974063
0.973845
0.974935
0.972923
0.975295
0.97418
0.973495
0.973864
0.976202
0.97411
0.970778
0.975789
0.974952
0.974739
0.973457
0.974027
0.974788
0.974552
0.973175
0.97518
0.973494
0.976824
0.975122
0.975148
     0
     0
     0
     0
     0
     0
     0
     0
     0
     0
     0
     0
     0
     0
     0
     0
     0
     0
     0
     0
     0
     0
     0
     0
     0
     0
     0
     0
     0
     0
     0
     0
     0
     0
     0
     0
     0
     0
7.04287e-05
0.00249203
0.0458994
0.286428
0.950781
2.17686
3.54717
4.49336
4.82925
4.40614
3.62675
2.66221
1.76934
1.10032
0.636034
0.344883
0.175694
0.0819348
0.0447365
0.0387927
0.0578128
0.0990891
0.176833
0.294912
0.446844
0.605063
0.781798
0.90712
0.966137
0.926372
0.802175
0.647495
0.467362
0.314952
0.210119
0.179997
0.24385
0.414481
0.729647
1.16743
1.70584
2.21431
2.59518
2.68783
2.53486
2.15991
1.67539
1.17969
0.778887
0.536868
0.415294
0.441973
0.574282
0.7484
0.90514
1.01787
1.02716
0.919884
0.777575
0.645052
0.5565
0.545142
     0
     0
     0
     0
     0
     0
     0
     0
     0
     0
     0
     0
     0
     0
     0
     0
     0
     0
     0
     0
     0
     0
     0
     0
     0
     0
     0
     0
     0
     0
     0
     0
     0
     0
     0
     0
     0
     0
3.52144e-05
0.00289225
0.0473971
0.28671
0.965229
2.18795
3.55723
4.49357
4.79925
4.40775
3.58901
2.64056
1.78686
1.11073
0.641577
0.345695
0.17949
0.0870773
0.0491728
0.0432695
0.0599026
0.102209
0.179432
0.291767
0.449089
0.610924
0.788712
0.90456
0.955993
0.911347
0.801438
0.637091
0.464379
0.315769
0.215363
0.188246
0.251492
0.426003
0.740405
1.17544
1.70503
2.20213
2.58482
2.68067
2.51848
2.14961
1.66891
1.17687
0.788587
0.545055
0.424879
0.451537
0.58183
0.756039
0.907778
1.00968
1.01957
0.914634
0.774258
0.645249
0.562865
0.560996
     0
     0
     0
     0
     0
     0
     0
     0
     0
     0
     0
     0
     0
     0
     0
     0
     0
     0
     0
     0
     0
     0
     0
     0
     0
     0
     0
     0
     0
     0
     0
     0
     0
     0
     0
     0
     0
     0
2.34762e-05
0.00291377
0.0485104
0.286559
0.975219
2.20018
3.55277
4.49053
4.7842
4.39811
3.58008
2.64378
1.79511
1.11566
0.64061
0.348849
0.178023
0.0859712
0.0500131
0.0437206
0.0618864
0.103162
0.182012
0.293228
0.448197
0.610265
0.785031
0.901916
0.957579
0.911918
0.79852
0.635427
0.463269
0.314697
0.219842
0.190164
0.252829
0.429243
0.741071
1.17963
1.70381
2.19826
2.57431
2.67991
2.5206
2.15036
1.66845
1.17883
0.791742
0.543724
0.428489
0.455753
0.583033
0.755233
0.904807
1.00739
1.01783
0.909633
0.773583
0.646357
0.566885
0.56575
     0
     0
     0
     0
     0
     0
     0
     0
     0
     0
     0
     0
     0
     0
     0
     0
     0
     0
     0
     0
     0
     0
     0
     0
     0
     0
     0
     0
     0
     0
     0
     0
     0
     0
     0
     0
     0
     0
1.76072e-05
0.0029445
0.0470319
0.280858
0.967822
2.19321
3.54647
4.50933
4.79576
4.40477
3.58741
2.64347
1.78995
1.11309
0.639236
0.346606
0.176397
0.0846649
0.0486509
0.0428496
0.0606853
0.103099
0.182267
0.291491
0.4474
0.613455
0.785088
0.903758
0.959508
0.914128
0.797359
0.635014
0.460087
0.314554
0.218131
0.189441
0.251426
0.427419
0.736113
1.17469
1.69988
2.20126
2.5802
2.69162
2.52651
2.15533
1.67173
1.1784
0.78843
0.53603
0.423978
0.454647
0.580037
0.754476
0.907484
1.00926
1.02058
0.911375
0.77459
0.644658
0.567538
0.562783
     0
     0
     0
     0
     0
     0
     0
     0
     0
     0
     0
     0
     0
     0
     0
     0
     0
     0
     0
     0
     0
     0
     0
     0
     0
     0
     0
     0
     0
     0
     0
     0
     0
     0
     0
     0
     0
     0
5.62022e-05
0.00305901
0.0465352
0.280081
0.972016
2.18802
3.53889
4.50431
4.80199
4.40656
3.59954
2.64914
1.7915
1.10754
0.635449
0.345014
0.17498
0.0846531
0.048225
0.0421357
0.059888
0.103319
0.181297
0.291111
0.445824
0.614325
0.786425
0.905773
0.962165
0.915797
0.79869
0.632945
0.458223
0.312565
0.217064
0.189433
0.250026
0.425928
0.733236
1.17139
1.70181
2.20578
2.57946
2.69504
2.53214
2.16013
1.67077
1.17766
0.785638
0.534713
0.422795
0.453536
0.577633
0.752294
0.908401
1.01064
1.02084
0.914959
0.773306
0.642975
0.564865
0.562588
     0
     0
     0
     0
     0
     0
     0
     0
     0
     0
     0
     0
     0
     0
     0
     0
     0
     0
     0
     0
     0
     0
     0
     0
     0
     0
     0
     0
     0
     0
     0
     0
     0
     0
     0
     0
     0
     0
4.68352e-05
0.00344732
0.0467545
0.283313
0.972868
2.19019
3.54022
4.50266
4.79983
4.4033
3.59275
2.64784
1.78898
1.11204
0.637631
0.345988
0.175979
0.0853118
0.0481783
0.041997
0.0598854
0.10389
0.182169
0.293442
0.447309
0.615398
0.785675
0.903957
0.958605
0.912524
0.797136
0.634087
0.460402
0.313154
0.217093
0.189825
0.251296
0.426736
0.735679
1.17322
1.70221
2.20615
2.57745
2.69092
2.52612
2.16014
1.67132
1.18003
0.786037
0.536918
0.424248
0.453804
0.578186
0.751959
0.908082
1.00912
1.01889
0.913724
0.773403
0.645548
0.565359
0.56504
     0
     0
     0
     0
     0
     0
     0
     0
     0
     0
     0
     0
     0
     0
     0
     0
     0
     0
     0
     0
     0
     0
     0
     0
     0
     0
     0
     0
     0
     0
     0
     0
     0
     0
     0
     0
     0
     0
5.02917e-05
0.00352361
0.0464384
0.28303
0.972483
2.18926
3.53648
4.50191
4.80335
4.40524
3.59598
2.64987
1.79121
1.11074
0.636398
0.344083
0.175152
0.0839045
0.0482334
0.0416322
0.0591092
0.102363
0.180142
0.293475
0.447819
0.617738
0.787923
0.904117
0.959375
0.913766
0.796998
0.633535
0.46018
0.31262
0.217084
0.188737
0.25015
0.42528
0.734753
1.17222
1.70203
2.20844
2.57843
2.69423
2.52963
2.15809
1.67004
1.18145
0.785877
0.534956
0.423587
0.452965
0.576845
0.750582
0.908733
1.00981
1.02052
0.914067
0.774191
0.644513
0.56385
0.564551
     0
     0
     0
     0
     0
     0
     0
     0
     0
     0
     0
     0
     0
     0
     0
     0
     0
     0
     0
     0
     0
     0
     0
     0
     0
     0
     0
     0
     0
     0
     0
     0
     0
     0
     0
     0
     0
     0
4.40053e-05
0.00346216
0.0458236
0.281488
0.968817
2.18372
3.53735
4.50291
 4.806
 4.415
3.60144
2.65204
1.78873
1.10889
0.635349
0.34188
0.173869
0.0828333
0.047775
0.0405987
0.0583273
0.101763
0.179551
0.293024
0.445419
0.618891
0.789046
0.908134
0.961566
0.914224
0.797104
0.632716
0.459606
0.312268
0.215401
0.187915
0.248658
0.423463
0.732609
1.17219
1.69999
2.2103
2.57995
2.69746
2.53476
2.15902
1.67162
1.18163
0.785082
0.531632
0.422021
0.450681
0.576289
0.750341
0.909756
1.01085
1.02164
0.915099
0.774105
0.644014
0.561928
0.562648
     0
     0
     0
     0
     0
     0
     0
     0
     0
     0
     0
     0
     0
     0
     0
     0
     0
     0
     0
     0
     0
     0
     0
     0
     0
     0
     0
     0
     0
     0
     0
     0
     0
     0
     0
     0
     0
     0
3.91158e-05
0.00345847
0.0464014
0.281357
0.970422
2.18203
3.54114
4.50463
4.80286
4.41253
3.59712
2.65177
1.78756
1.11031
0.637621
0.342035
0.174371
0.0837241
0.048047
0.0408792
0.0581758
0.102837
0.18057
0.293623
0.445246
0.618866
0.787887
0.908604
0.958552
0.91329
0.796486
0.632966
0.459802
0.31311
0.215473
0.18864
0.249364
0.424616
0.734369
1.17507
1.6996
2.20787
2.57587
2.69524
2.53346
2.16091
1.67126
1.18263
0.786195
0.532368
0.423038
0.451507
0.576941
0.749776
0.909033
1.01015
1.02086
0.913658
0.773781
0.644736
0.563699
0.56423
     0
     0
     0
     0
     0
     0
     0
     0
     0
     0
     0
     0
     0
     0
     0
     0
     0
     0
     0
     0
     0
     0
     0
     0
     0
     0
     0
     0
     0
     0
     0
     0
     0
     0
     0
     0
     0
     0
6.35459e-05
0.00348977
0.0464307
0.281328
0.970329
2.18254
3.5386
4.50418
4.80476
4.41317
3.5946
2.6521
1.78857
1.11181
0.636888
0.34247
0.174712
0.0837303
0.0478234
0.0406143
0.0582321
0.102749
0.180797
0.294461
0.445332
0.618721
0.787045
0.90932
0.958664
0.912763
0.796141
0.633046
0.458695
0.313407
0.215822
0.188695
0.249741
0.423959
0.73453
1.17411
1.69959
2.20894
2.57597
2.6961
2.53206
2.16039
1.67186
1.18364
0.786685
0.53236
0.423399
0.451244
0.576602
0.749812
0.909212
1.00939
1.02044
0.913577
0.773994
0.64451
0.564662
0.564629
     0
     0
     0
     0
     0
     0
     0
     0
     0
     0
     0
     0
     0
     0
     0
     0
     0
     0
     0
     0
     0
     0
     0
     0
     0
     0
     0
     0
     0
     0
     0
     0
     0
     0
0.00140804
0.0228283
0.153624
0.505116
1.15399
1.79607
2.24444
2.53157
2.48898
2.34708
2.17916
1.95834
1.74169
1.55816
1.39127
1.24877
1.12028
0.999255
0.911633
0.845372
0.788354
0.749303
0.701187
0.698626
0.680151
0.65846
0.651192
0.648169
0.660255
0.666575
0.688462
0.70911
0.729269
0.782975
0.810653
0.843822
0.880391
0.931576
0.971534
1.01074
1.03203
1.08629
1.11432
1.13583
1.1498
1.17337
1.19265
1.19419
1.18062
1.18402
1.16941
1.13427
1.12228
1.09957
1.06412
1.04921
1.0126
0.989302
0.963745
0.939911
0.909989
0.905704
0.899804
0.880455
0.882594
0.883802
     0
     0
     0
     0
     0
     0
     0
     0
     0
     0
     0
     0
     0
     0
     0
     0
     0
     0
     0
     0
     0
     0
     0
     0
     0
     0
     0
     0
     0
     0
     0
     0
     0
     0
0.00184486
0.0235259
0.153932
0.517421
1.14416
1.78853
2.25453
2.50384
2.47677
2.3411
2.16618
1.95105
1.73547
1.56343
1.39142
1.24906
1.12606
1.00313
0.925115
0.856662
0.805947
0.752986
0.716939
0.697302
0.676496
0.663944
0.658975
0.65713
0.65955
0.666284
0.683896
0.699152
0.725513
0.769649
0.805205
0.833763
0.874554
0.924124
0.961668
1.00662
1.03472
1.08259
1.11151
1.14217
1.15802
1.18115
1.20009
1.20048
1.18755
1.18439
1.17072
1.13483
1.12634
1.0992
1.06761
1.03457
1.01278
0.986396
0.96773
0.943144
0.918937
0.906867
0.897351
0.880292
0.877702
0.879229
     0
     0
     0
     0
     0
     0
     0
     0
     0
     0
     0
     0
     0
     0
     0
     0
     0
     0
     0
     0
     0
     0
     0
     0
     0
     0
     0
     0
     0
     0
     0
     0
     0
     0
0.00158146
0.0233953
0.157455
0.529561
1.1589
1.80775
2.27303
2.50762
 2.482
2.34186
2.15559
1.93439
1.72876
1.54052
1.37237
1.23649
1.11461
0.992689
0.918806
0.857639
0.806163
0.75323
0.720538
0.701678
0.678664
0.665012
0.663591
0.65637
0.661141
0.672195
0.689365
0.702666
0.734073
0.771367
0.808761
0.839916
0.880355
0.919171
0.965407
1.00512
1.03635
1.08374
1.11029
1.14428
1.16152
1.18004
1.20108
1.19427
1.18778
1.18397
1.16856
1.13636
1.12382
1.09276
1.06457
1.03102
1.00689
0.984627
0.962794
0.94294
0.920241
0.907029
0.898274
0.879226
0.875653
0.879152
     0
     0
     0
     0
     0
     0
     0
     0
     0
     0
     0
     0
     0
     0
     0
     0
     0
     0
     0
     0
     0
     0
     0
     0
     0
     0
     0
     0
     0
     0
     0
     0
     0
     0
0.00164546
0.0230815
0.15759
0.531203
1.1663
1.81256
2.28447
2.50031
2.48872
2.34722
2.15154
 1.931
1.72086
1.53237
1.36735
1.22492
1.11036
0.996268
0.915805
0.855543
0.807799
0.757544
0.72231
0.702503
0.681008
0.666889
0.665606
0.656862
0.662852
0.671553
0.690867
0.706046
0.734878
0.770237
0.809667
0.842648
0.881546
0.920316
0.963096
1.00651
1.03679
1.08263
1.11293
1.14419
1.1643
1.18052
1.20016
1.19059
1.19069
1.1816
1.16748
1.13721
1.11957
1.09057
1.0618
1.02801
1.00298
0.981819
0.960176
0.939366
0.921234
0.907667
0.895546
0.883578
0.877305
0.878861
     0
     0
     0
     0
     0
     0
     0
     0
     0
     0
     0
     0
     0
     0
     0
     0
     0
     0
     0
     0
     0
     0
     0
     0
     0
     0
     0
     0
     0
     0
     0
     0
     0
     0
0.00147465
0.0229106
0.159187
0.533708
1.17048
1.81214
2.28252
2.4933
2.48388
2.35116
2.15587
1.93637
1.72359
1.52291
1.36188
1.22389
1.10614
0.994804
0.916207
0.853772
0.805451
0.756164
0.722455
0.701328
0.681894
0.665678
0.668412
0.660984
0.663196
0.67454
0.691446
0.712055
0.740502
0.772662
0.81068
0.843988
0.882838
0.920187
0.962987
1.00511
1.03547
1.07954
1.11085
1.14364
1.16362
1.18185
1.1981
1.19005
1.18976
1.18343
1.16828
1.13691
1.11723
1.08852
1.05993
1.02543
1.00108
0.977665
0.957935
0.939634
0.919993
0.907743
0.896108
0.884291
0.879402
0.881018
     0
     0
     0
     0
     0
     0
     0
     0
     0
     0
     0
     0
     0
     0
     0
     0
     0
     0
     0
     0
     0
     0
     0
     0
     0
     0
     0
     0
     0
     0
     0
     0
     0
4.62383e-05
0.001506
0.022911
0.159572
0.537846
1.17752
1.82116
2.28842
2.49834
2.48265
2.34712
2.15237
1.92913
1.71753
1.52168
1.35838
1.22114
1.1039
0.993154
0.914936
0.851953
0.804661
0.755486
0.720443
0.702382
0.683893
0.667353
0.667616
0.662693
0.664855
0.677166
0.69466
0.714207
0.74253
0.775576
0.812558
0.846263
0.885182
0.919003
0.963441
1.00579
1.03783
1.07996
1.11106
1.14267
1.16478
1.18204
1.19451
1.18969
 1.187
1.1798
1.16449
1.13475
1.11284
1.08639
1.05804
1.02473
1.00016
0.976748
0.957043
0.940893
0.921685
0.910229
0.898246
0.88621
0.881063
0.881787
     0
     0
     0
     0
     0
     0
     0
     0
     0
     0
     0
     0
     0
     0
     0
     0
     0
     0
     0
     0
     0
     0
     0
     0
     0
     0
     0
     0
     0
     0
     0
     0
     0
3.96328e-05
0.00137846
0.023116
0.15795
0.539807
1.17744
1.82595
2.28788
2.49796
2.48206
2.34683
2.15451
1.93041
1.71777
1.52334
1.35753
1.22062
1.10261
0.992878
0.916168
0.852063
0.80425
0.75471
0.719624
0.702911
0.682284
0.668057
0.664957
0.660761
0.664165
0.675921
0.692861
0.715243
0.740744
0.773861
0.811374
0.846124
0.885291
0.921762
0.965658
1.00786
1.04164
1.0825
1.11465
1.14583
1.16757
1.18338
1.19409
1.19124
1.18743
1.17827
1.16194
1.13417
1.11085
1.08488
1.05535
1.02418
0.998659
0.976399
0.956041
0.93851
0.92034
0.909255
0.897684
0.88569
0.879103
0.880324
     0
     0
     0
     0
     0
     0
     0
     0
     0
     0
     0
     0
     0
     0
     0
     0
     0
     0
     0
     0
     0
     0
     0
     0
     0
     0
     0
     0
     0
     0
     0
     0
     0
3.46787e-05
0.00140299
0.0230401
0.157663
0.53827
1.17647
1.82144
2.28615
2.49785
2.48058
2.34956
2.15445
1.93166
1.71655
1.52457
1.3564
1.22058
1.10386
0.995533
0.919328
0.853687
0.804892
0.756715
0.721852
0.702151
0.682767
0.667495
0.66406
0.659878
0.66388
0.674719
0.690827
0.71241
0.738823
0.773041
0.808303
0.844416
0.884182
0.923495
0.96541
1.00915
1.04231
1.08118
1.11724
1.14674
1.16729
1.18467
1.19525
1.1953
1.18945
1.17887
1.16249
1.13421
1.11144
1.0866
1.05543
1.02517
0.997918
0.975306
0.954935
0.936748
0.920266
0.908366
0.896885
0.884954
0.878719
0.87964
     0
     0
     0
     0
     0
     0
     0
     0
     0
     0
     0
     0
     0
     0
     0
     0
     0
     0
     0
     0
     0
     0
     0
     0
     0
     0
     0
     0
     0
     0
     0
     0
     0
3.08255e-05
0.00144158
0.0235237
0.159041
0.541577
1.17633
1.8237
2.28483
2.50101
2.4855
2.34764
2.15496
1.92988
1.71282
1.52154
1.35633
1.21813
1.10366
0.996434
0.916953
0.853349
0.803989
0.754926
0.722836
0.702266
0.683655
0.668457
0.664862
0.660457
0.664933
0.676687
0.691523
0.713651
0.738605
0.771637
0.806968
0.842451
0.883452
0.92368
0.963677
1.00899
1.04116
1.08037
1.11785
1.1481
1.16959
1.18715
1.19674
1.1964
1.19021
1.17969
1.16319
1.13439
1.11114
1.08471
1.05421
1.02451
0.997718
0.97358
0.952917
0.935506
0.92004
0.907309
0.896033
0.884645
0.878005
0.878991
     0
     0
     0
     0
     0
     0
     0
     0
     0
     0
     0
     0
     0
     0
     0
     0
     0
     0
     0
     0
     0
     0
     0
     0
     0
     0
     0
     0
     0
     0
     0
     0
     0
2.7743e-05
0.00135901
0.023618
0.159795
0.541656
1.17626
1.82578
2.28718
2.50114
2.48722
2.34885
2.15445
1.92707
1.71249
1.52071
1.35508
1.21914
1.10248
0.995848
0.916665
0.852393
0.802458
0.755132
0.721757
0.702675
0.683723
0.668946
0.665261
0.660749
0.665451
0.677882
0.691584
0.713885
0.739878
0.772419
0.806543
0.842946
0.883495
0.923527
0.963307
1.00829
1.04207
 1.081
1.11767
1.1484
1.16987
1.18754
1.19571
1.1963
1.18961
1.17963
1.16265
1.13525
1.11133
1.08355
1.0541
1.02382
0.997807
0.974696
0.95275
0.934615
0.919702
0.906875
0.89591
0.884585
0.877878
0.87909
     0
     0
     0
     0
     0
     0
     0
     0
     0
     0
     0
     0
     0
     0
0.130428
0.976446
1.89843
2.14091
2.01277
1.79948
1.55379
1.38412
1.27388
1.21708
1.12381
1.06679
1.0617
1.03799
1.05359
1.05432
1.04642
1.04268
1.01294
1.04042
1.05005
1.03655
1.0015
1.00634
0.991753
0.992149
1.01018
0.993659
0.995192
0.982788
0.984722
0.988877
0.965489
0.970782
0.979866
0.989187
0.977806
0.983279
0.978587
0.985795
0.968141
0.964529
0.971735
0.97905
0.964703
0.967647
0.971282
0.970572
0.975468
0.983343
0.972445
0.979532
0.970265
0.968085
0.968283
0.979706
0.973989
0.978232
0.968926
0.98149
0.974624
0.97296
0.97455
0.978754
0.972371
0.96581
0.967618
0.967806
0.976191
0.968112
0.978629
0.973866
0.973452
0.976954
0.968873
0.983122
0.970216
0.977746
0.976084
0.976454
0.972465
0.97474
0.972937
0.977979
0.973174
0.969759
     0
     0
     0
     0
     0
     0
     0
     0
     0
     0
     0
     0
     0
0.000265429
0.134651
0.999372
1.88603
2.12691
2.00601
1.75955
1.54558
1.38544
1.2802
1.18226
1.1337
1.09486
1.05517
1.02306
1.03365
1.05308
1.0397
1.03476
1.01326
1.03133
1.02765
1.01395
0.996326
1.00033
0.987938
0.993744
0.997896
0.986961
0.993758
0.977226
0.98042
0.987569
0.96876
0.973939
0.975939
0.987299
0.978322
0.97763
0.976778
0.977795
0.971647
0.97787
0.972246
0.980118
0.970113
0.967462
0.97075
0.968442
0.97808
0.97444
0.978314
0.980863
0.97506
0.967414
0.973598
0.976337
0.975983
0.978402
0.973896
0.982014
0.973285
0.973912
0.974643
0.975083
0.97292
0.97298
0.9679
0.974091
0.973841
0.969915
0.971706
0.97376
0.974931
0.979575
0.968796
0.978275
0.972863
0.976463
0.97284
0.978209
0.974802
0.97555
0.976496
0.976191
0.972428
0.973794
     0
     0
     0
     0
     0
     0
     0
     0
     0
     0
     0
     0
     0
0.000700524
0.13699
0.994104
1.87771
2.11369
1.96874
1.75274
1.54986
1.39883
1.27677
1.19027
1.1329
1.09904
1.05494
1.03314
1.04311
1.04277
1.04595
1.03688
1.01692
1.02285
1.02212
1.01112
1.00095
1.00084
0.99972
0.992925
1.0003
0.990611
0.990777
0.985157
0.984843
0.98875
0.975612
0.98137
0.977258
0.985312
0.976567
0.977958
0.976918
0.981998
0.974723
0.977156
0.974799
0.978759
0.968155
0.971404
0.972961
0.973203
0.982169
0.977658
0.978078
0.980011
0.975322
0.965481
0.97802
0.976747
0.979149
0.977548
0.973798
0.978843
0.976209
0.971684
0.97246
0.977063
0.974701
0.971629
0.974154
0.975056
0.975215
0.973236
0.973481
0.973642
0.976696
0.979534
0.968992
0.977565
0.974126
0.973758
0.971029
0.977529
0.974888
0.97598
0.974293
0.977908
0.972804
0.97414
     0
     0
     0
     0
     0
     0
     0
     0
     0
     0
     0
     0
     0
0.000790928
0.134397
0.995441
1.88397
2.08923
1.95501
1.74366
1.53517
1.38112
1.28038
 1.186
1.13589
1.09997
1.05869
1.0346
1.03916
1.03338
1.03876
1.03197
1.01892
1.02278
1.01833
1.01254
1.00519
0.995833
1.00129
0.992397
1.00094
0.995993
0.993445
0.985488
0.987992
0.991924
0.978901
0.980991
0.980846
0.986524
0.974221
0.98029
0.976443
0.980893
0.977966
0.981178
0.975939
0.976396
0.97375
0.974263
0.975213
0.97548
0.982666
0.97738
0.976651
0.97845
0.977745
0.969045
0.977774
0.980003
0.980131
0.97749
0.972374
0.976965
0.976802
0.973036
0.972899
0.978134
0.973912
0.970494
0.973228
0.97349
0.977709
0.973659
0.975166
0.972861
0.974004
0.979328
0.971736
0.976057
0.974888
0.973786
0.97244
0.975501
0.973809
0.97526
0.97456
0.977939
0.972887
0.974611
     0
     0
     0
     0
     0
     0
     0
     0
     0
     0
     0
     0
     0
0.00084493
0.134861
0.989392
1.90052
2.1019
1.96128
1.73578
1.52988
1.38057
1.28175
1.18618
1.1401
1.09388
1.06156
1.04566
1.03372
1.03571
1.03449
1.03504
1.02051
1.02387
1.01789
1.01467
1.00764
0.997335
1.0048
0.995647
0.999451
0.996494
0.99369
0.985566
0.989706
0.990821
0.979719
0.98494
0.982399
0.987735
0.978888
0.978896
0.976361
0.981178
0.979451
0.979261
0.975694
0.976079
0.977685
0.976514
0.978673
0.97419
0.983374
0.977225
0.976271
0.97702
0.974385
0.971366
0.974905
0.979515
0.97869
0.978719
0.976917
0.976205
0.975668
0.973788
0.973229
0.976355
0.972854
0.971469
0.974157
0.973614
0.97469
0.973348
0.976891
0.974583
0.973898
0.979522
0.972074
0.97585
0.973982
0.97303
0.974288
0.974609
0.973954
0.974619
0.973838
0.977266
0.973553
0.974849
     0
     0
     0
     0
     0
     0
     0
     0
     0
     0
     0
     0
     0
0.000704109
0.135942
0.99552
1.90246
2.12543
1.97362
1.73675
1.52474
1.39378
1.2843
1.19174
1.14751
1.09057
1.06519
1.04956
1.03561
1.03569
1.03761
1.03679
1.02141
1.02365
1.02057
1.01256
1.01227
1.00147
1.00676
0.996989
0.998087
0.996132
0.99342
0.986744
0.990586
0.989553
0.980417
0.98634
0.985416
0.989234
0.981458
0.983424
0.97517
0.981204
0.97823
0.977304
0.977369
0.976778
0.974999
0.97864
0.978654
0.975822
0.983144
0.977539
0.977366
0.978429
0.974826
0.970951
0.976977
0.978169
0.977672
0.97734
0.976378
0.976494
0.977893
0.973662
0.972637
0.975382
0.972653
0.971515
0.973807
0.974102
0.972971
0.971084
0.977312
0.975263
0.972343
0.979422
0.972096
0.97539
0.97272
0.973095
0.974754
0.974629
0.973493
0.97574
0.973894
0.97639
0.9732
0.974625
     0
     0
     0
     0
     0
     0
     0
     0
     0
     0
     0
     0
     0
0.000603522
0.134596
0.997879
1.91517
2.12197
1.97649
1.73638
1.52261
1.38562
1.29223
1.19821
1.14809
1.09576
1.06515
1.04781
1.03144
1.03538
1.03562
1.03708
1.02109
1.02097
1.01847
1.01162
1.0097
1.00098
1.00538
0.995819
0.999782
0.996212
0.992758
0.985652
0.989158
0.987438
0.980863
0.986954
0.98387
0.989211
0.983478
0.982485
0.977117
0.981291
0.978975
0.977469
0.976619
0.978452
0.974781
0.977423
0.976882
0.977206
0.981234
0.977419
0.976716
0.979325
0.974763
0.97154
0.975943
0.978231
0.975068
0.977813
0.97581
0.977946
0.977182
0.973983
0.973656
0.974881
0.973285
0.972543
0.97404
0.972837
0.974568
0.971917
0.978132
0.975505
0.971373
0.978996
0.973848
0.975017
0.973829
0.973276
0.975376
0.974263
0.97415
0.97565
0.972863
0.976303
0.974928
0.974519
     0
     0
     0
     0
     0
     0
     0
     0
     0
     0
     0
     0
     0
0.000662228
0.135925
0.996354
1.91606
2.13562
1.98111
1.7302
1.53024
1.38742
1.29298
1.20346
1.14794
1.10191
1.06633
1.04763
1.03454
1.03588
1.03824
1.0386
1.02138
1.0229
1.0187
1.01458
1.01211
1.00607
1.00123
0.995853
1.00039
0.995329
0.993399
0.987007
0.989111
0.987086
0.981804
0.983785
0.983704
0.987801
0.982325
0.984585
0.9796
0.982242
0.978304
0.977103
0.977338
0.97776
0.974575
0.976462
0.975181
0.976815
0.980921
0.975504
0.976285
0.979331
0.974407
0.972736
0.975853
0.977458
0.975012
0.976577
0.974696
0.978296
0.975134
0.974882
0.973556
0.974914
0.974361
0.972701
0.9744
0.972613
0.974319
0.973318
0.976794
0.97496
0.97046
0.977186
0.974141
0.974757
0.972786
0.973313
0.974259
0.974678
0.973524
0.975149
0.972743
0.976121
0.975391
0.97419
     0
     0
     0
     0
     0
     0
     0
     0
     0
     0
     0
     0
     0
0.000648369
0.138019
0.996945
1.92642
2.14075
1.98684
1.73577
 1.535
1.38696
1.29386
1.20105
1.14981
1.10249
1.06773
1.04948
1.03376
1.03758
1.03785
1.03694
1.02291
1.02378
1.02117
1.01376
1.01082
1.00641
1.00181
0.99438
0.998943
0.996079
0.993673
0.985191
0.986442
0.986556
0.982169
0.983751
0.981758
0.987689
0.981858
0.982814
0.978533
0.982887
0.977327
0.976618
0.978732
0.976317
0.973454
0.973391
0.975712
0.975557
0.979494
0.976125
0.975725
0.97909
0.974376
0.972928
0.975783
0.975686
0.974832
0.975269
0.97534
0.97743
0.975199
0.973898
0.974248
0.974128
0.974885
0.972189
0.97459
0.972725
0.97318
0.972946
0.975725
0.974949
0.970975
0.976317
0.974506
0.974688
0.973089
0.973065
0.973762
0.97466
0.972936
0.975272
0.973642
0.976731
0.974429
0.974819
     0
     0
     0
     0
     0
     0
     0
     0
     0
     0
     0
     0
     0
0.000635609
0.138173
0.995508
1.93422
2.1451
1.98686
1.73796
1.53276
1.38889
1.29319
1.20045
1.14987
1.09869
1.0698
1.05013
1.03753
1.03638
1.03773
1.03633
1.02281
1.02484
1.01918
1.0124
1.0087
 1.006
1.00202
0.993959
0.997869
0.998075
0.992787
 0.985
0.98684
0.986413
0.981599
0.982913
0.980006
0.98751
0.982226
0.98221
0.980008
0.98191
0.977066
0.97557
0.977442
0.976696
0.97402
0.97312
0.975378
0.975237
0.978798
0.976228
0.975744
0.979765
0.975409
0.972556
0.976229
0.974985
0.975451
0.975303
0.974929
0.977472
0.976021
0.973007
0.974063
0.973845
0.974935
0.972923
0.975295
0.97418
0.973495
0.973864
0.976202
0.97411
0.970778
0.975789
0.974952
0.974739
0.973457
0.974027
0.974788
0.974552
0.973175
0.97518
0.973494
0.976824
0.975122
0.975148
     0
     0
     0
     0
     0
     0
     0
     0
     0
     0
     0
     0
     0
     0
0.130428
0.976446
1.89843
2.14091
2.01277
1.79948
1.55379
1.38412
1.27388
1.21708
1.12381
1.06679
1.0617
1.03799
1.05359
1.05432
1.04642
1.04268
1.01294
1.04042
1.05005
1.03655
1.0015
1.00634
0.991753
0.992149
1.01018
0.993659
0.995192
0.982788
0.984722
0.988877
0.965489
0.970782
0.979866
0.989187
0.977806
0.983279
0.978587
0.985795
0.968141
0.964529
0.971735
0.97905
0.964703
0.967647
0.971282
0.970572
0.975468
0.983343
0.972445
0.979532
0.970265
0.968085
0.968283
0.979706
0.973989
0.978232
0.968926
0.98149
0.974624
0.97296
0.97455
0.978754
0.972371
0.96581
0.967618
0.967806
0.976191
0.968112
0.978629
0.973866
0.973452
0.976954
0.968873
0.983122
0.970216
0.977746
0.976084
0.976454
0.972465
0.97474
0.972937
0.977979
0.973174
0.969759
     0
     0
     0
     0
     0
     0
     0
     0
     0
     0
     0
     0
     0
0.000265429
0.134651
0.999372
1.88603
2.12691
2.00601
1.75955
1.54558
1.38544
1.2802
1.18226
1.1337
1.09486
1.05517
1.02306
1.03365
1.05308
1.0397
1.03476
1.01326
1.03133
1.02765
1.01395
0.996326
1.00033
0.987938
0.993744
0.997896
0.986961
0.993758
0.977226
0.98042
0.987569
0.96876
0.973939
0.975939
0.987299
0.978322
0.97763
0.976778
0.977795
0.971647
0.97787
0.972246
0.980118
0.970113
0.967462
0.97075
0.968442
0.97808
0.97444
0.978314
0.980863
0.97506
0.967414
0.973598
0.976337
0.975983
0.978402
0.973896
0.982014
0.973285
0.973912
0.974643
0.975083
0.97292
0.97298
0.9679
0.974091
0.973841
0.969915
0.971706
0.97376
0.974931
0.979575
0.968796
0.978275
0.972863
0.976463
0.97284
0.978209
0.974802
0.97555
0.976496
0.976191
0.972428
0.973794
     0
     0
     0
     0
     0
     0
     0
     0
     0
     0
     0
     0
     0
0.000700524
0.13699
0.994104
1.87771
2.11369
1.96874
1.75274
1.54986
1.39883
1.27677
1.19027
1.1329
1.09904
1.05494
1.03314
1.04311
1.04277
1.04595
1.03688
1.01692
1.02285
1.02212
1.01112
1.00095
1.00084
0.99972
0.992925
1.0003
0.990611
0.990777
0.985157
0.984843
0.98875
0.975612
0.98137
0.977258
0.985312
0.976567
0.977958
0.976918
0.981998
0.974723
0.977156
0.974799
0.978759
0.968155
0.971404
0.972961
0.973203
0.982169
0.977658
0.978078
0.980011
0.975322
0.965481
0.97802
0.976747
0.979149
0.977548
0.973798
0.978843
0.976209
0.971684
0.97246
0.977063
0.974701
0.971629
0.974154
0.975056
0.975215
0.973236
0.973481
0.973642
0.976696
0.979534
0.968992
0.977565
0.974126
0.973758
0.971029
0.977529
0.974888
0.97598
0.974293
0.977908
0.972804
0.97414
     0
     0
     0
     0
     0
     0
     0
     0
     0
     0
     0
     0
     0
0.000790928
0.134397
0.995441
1.88397
2.08923
1.95501
1.74366
1.53517
1.38112
1.28038
 1.186
1.13589
1.09997
1.05869
1.0346
1.03916
1.03338
1.03876
1.03197
1.01892
1.02278
1.01833
1.01254
1.00519
0.995833
1.00129
0.992397
1.00094
0.995993
0.993445
0.985488
0.987992
0.991924
0.978901
0.980991
0.980846
0.986524
0.974221
0.98029
0.976443
0.980893
0.977966
0.981178
0.975939
0.976396
0.97375
0.974263
0.975213
0.97548
0.982666
0.97738
0.976651
0.97845
0.977745
0.969045
0.977774
0.980003
0.980131
0.97749
0.972374
0.976965
0.976802
0.973036
0.972899
0.978134
0.973912
0.970494
0.973228
0.97349
0.977709
0.973659
0.975166
0.972861
0.974004
0.979328
0.971736
0.976057
0.974888
0.973786
0.97244
0.975501
0.973809
0.97526
0.97456
0.977939
0.972887
0.974611
     0
     0
     0
     0
     0
     0
     0
     0
     0
     0
     0
     0
     0
0.00084493
0.134861
0.989392
1.90052
2.1019
1.96128
1.73578
1.52988
1.38057
1.28175
1.18618
1.1401
1.09388
1.06156
1.04566
1.03372
1.03571
1.03449
1.03504
1.02051
1.02387
1.01789
1.01467
1.00764
0.997335
1.0048
0.995647
0.999451
0.996494
0.99369
0.985566
0.989706
0.990821
0.979719
0.98494
0.982399
0.987735
0.978888
0.978896
0.976361
0.981178
0.979451
0.979261
0.975694
0.976079
0.977685
0.976514
0.978673
0.97419
0.983374
0.977225
0.976271
0.97702
0.974385
0.971366
0.974905
0.979515
0.97869
0.978719
0.976917
0.976205
0.975668
0.973788
0.973229
0.976355
0.972854
0.971469
0.974157
0.973614
0.97469
0.973348
0.976891
0.974583
0.973898
0.979522
0.972074
0.97585
0.973982
0.97303
0.974288
0.974609
0.973954
0.974619
0.973838
0.977266
0.973553
0.974849
     0
     0
     0
     0
     0
     0
     0
     0
     0
     0
     0
     0
     0
0.000704109
0.135942
0.99552
1.90246
2.12543
1.97362
1.73675
1.52474
1.39378
1.2843
1.19174
1.14751
1.09057
1.06519
1.04956
1.03561
1.03569
1.03761
1.03679
1.02141
1.02365
1.02057
1.01256
1.01227
1.00147
1.00676
0.996989
0.998087
0.996132
0.99342
0.986744
0.990586
0.989553
0.980417
0.98634
0.985416
0.989234
0.981458
0.983424
0.97517
0.981204
0.97823
0.977304
0.977369
0.976778
0.974999
0.97864
0.978654
0.975822
0.983144
0.977539
0.977366
0.978429
0.974826
0.970951
0.976977
0.978169
0.977672
0.97734
0.976378
0.976494
0.977893
0.973662
0.972637
0.975382
0.972653
0.971515
0.973807
0.974102
0.972971
0.971084
0.977312
0.975263
0.972343
0.979422
0.972096
0.97539
0.97272
0.973095
0.974754
0.974629
0.973493
0.97574
0.973894
0.97639
0.9732
0.974625
     0
     0
     0
     0
     0
     0
     0
     0
     0
     0
     0
     0
     0
0.000603522
0.134596
0.997879
1.91517
2.12197
1.97649
1.73638
1.52261
1.38562
1.29223
1.19821
1.14809
1.09576
1.06515
1.04781
1.03144
1.03538
1.03562
1.03708
1.02109
1.02097
1.01847
1.01162
1.0097
1.00098
1.00538
0.995819
0.999782
0.996212
0.992758
0.985652
0.989158
0.987438
0.980863
0.986954
0.98387
0.989211
0.983478
0.982485
0.977117
0.981291
0.978975
0.977469
0.976619
0.978452
0.974781
0.977423
0.976882
0.977206
0.981234
0.977419
0.976716
0.979325
0.974763
0.97154
0.975943
0.978231
0.975068
0.977813
0.97581
0.977946
0.977182
0.973983
0.973656
0.974881
0.973285
0.972543
0.97404
0.972837
0.974568
0.971917
0.978132
0.975505
0.971373
0.978996
0.973848
0.975017
0.973829
0.973276
0.975376
0.974263
0.97415
0.97565
0.972863
0.976303
0.974928
0.974519
     0
     0
     0
     0
     0
     0
     0
     0
     0
     0
     0
     0
     0
0.000662228
0.135925
0.996354
1.91606
2.13562
1.98111
1.7302
1.53024
1.38742
1.29298
1.20346
1.14794
1.10191
1.06633
1.04763
1.03454
1.03588
1.03824
1.0386
1.02138
1.0229
1.0187
1.01458
1.01211
1.00607
1.00123
0.995853
1.00039
0.995329
0.993399
0.987007
0.989111
0.987086
0.981804
0.983785
0.983704
0.987801
0.982325
0.984585
0.9796
0.982242
0.978304
0.977103
0.977338
0.97776
0.974575
0.976462
0.975181
0.976815
0.980921
0.975504
0.976285
0.979331
0.974407
0.972736
0.975853
0.977458
0.975012
0.976577
0.974696
0.978296
0.975134
0.974882
0.973556
0.974914
0.974361
0.972701
0.9744
0.972613
0.974319
0.973318
0.976794
0.97496
0.97046
0.977186
0.974141
0.974757
0.972786
0.973313
0.974259
0.974678
0.973524
0.975149
0.972743
0.976121
0.975391
0.97419
     0
     0
     0
     0
     0
     0
     0
     0
     0
     0
     0
     0
     0
0.000648369
0.138019
0.996945
1.92642
2.14075
1.98684
1.73577
 1.535
1.38696
1.29386
1.20105
1.14981
1.10249
1.06773
1.04948
1.03376
1.03758
1.03785
1.03694
1.02291
1.02378
1.02117
1.01376
1.01082
1.00641
1.00181
0.99438
0.998943
0.996079
0.993673
0.985191
0.986442
0.986556
0.982169
0.983751
0.981758
0.987689
0.981858
0.982814
0.978533
0.982887
0.977327
0.976618
0.978732
0.976317
0.973454
0.973391
0.975712
0.975557
0.979494
0.976125
0.975725
0.97909
0.974376
0.972928
0.975783
0.975686
0.974832
0.975269
0.97534
0.97743
0.975199
0.973898
0.974248
0.974128
0.974885
0.972189
0.97459
0.972725
0.97318
0.972946
0.975725
0.974949
0.970975
0.976317
0.974506
0.974688
0.973089
0.973065
0.973762
0.97466
0.972936
0.975272
0.973642
0.976731
0.974429
0.974819
     0
     0
     0
     0
     0
     0
     0
     0
     0
     0
     0
     0
     0
0.000635609
0.138173
0.995508
1.93422
2.1451
1.98686
1.73796
1.53276
1.38889
1.29319
1.20045
1.14987
1.09869
1.0698
1.05013
1.03753
1.03638
1.03773
1.03633
1.02281
1.02484
1.01918
1.0124
1.0087
 1.006
1.00202
0.993959
0.997869
0.998075
0.992787
 0.985
0.98684
0.986413
0.981599
0.982913
0.980006
0.98751
0.982226
0.98221
0.980008
0.98191
0.977066
0.97557
0.977442
0.976696
0.97402
0.97312
0.975378
0.975237
0.978798
0.976228
0.975744
0.979765
0.975409
0.972556
0.976229
0.974985
0.975451
0.975303
0.974929
0.977472
0.976021
0.973007
0.974063
0.973845
0.974935
0.972923
0.975295
0.97418
0.973495
0.973864
0.976202
0.97411
0.970778
0.975789
0.974952
0.974739
0.973457
0.974027
0.974788
0.974552
0.973175
0.97518
0.973494
0.976824
0.975122
0.975148
     0
     0
     0
     0
     0
     0
     0
     0
     0
     0
     0
     0
     0
     0
     0
     0
     0
     0
     0
     0
     0
     0
     0
     0
     0
     0
     0
     0
     0
     0
     0
     0
     0
     0
0.00140804
0.0228283
0.153624
0.505116
1.15399
1.79607
2.24444
2.53157
2.48898
2.34708
2.17916
1.95834
1.74169
1.55816
1.39127
1.24877
1.12028
0.999255
0.911633
0.845372
0.788354
0.749303
0.701187
0.698626
0.680151
0.65846
0.651192
0.648169
0.660255
0.666575
0.688462
0.70911
0.729269
0.782975
0.810653
0.843822
0.880391
0.931576
0.971534
1.01074
1.03203
1.08629
1.11432
1.13583
1.1498
1.17337
1.19265
1.19419
1.18062
1.18402
1.16941
1.13427
1.12228
1.09957
1.06412
1.04921
1.0126
0.989302
0.963745
0.939911
0.909989
0.905704
0.899804
0.880455
0.882594
0.883802
     0
     0
     0
     0
     0
     0
     0
     0
     0
     0
     0
     0
     0
     0
     0
     0
     0
     0
     0
     0
     0
     0
     0
     0
     0
     0
     0
     0
     0
     0
     0
     0
     0
     0
0.00184486
0.0235259
0.153932
0.517421
1.14416
1.78853
2.25453
2.50384
2.47677
2.3411
2.16618
1.95105
1.73547
1.56343
1.39142
1.24906
1.12606
1.00313
0.925115
0.856662
0.805947
0.752986
0.716939
0.697302
0.676496
0.663944
0.658975
0.65713
0.65955
0.666284
0.683896
0.699152
0.725513
0.769649
0.805205
0.833763
0.874554
0.924124
0.961668
1.00662
1.03472
1.08259
1.11151
1.14217
1.15802
1.18115
1.20009
1.20048
1.18755
1.18439
1.17072
1.13483
1.12634
1.0992
1.06761
1.03457
1.01278
0.986396
0.96773
0.943144
0.918937
0.906867
0.897351
0.880292
0.877702
0.879229
     0
     0
     0
     0
     0
     0
     0
     0
     0
     0
     0
     0
     0
     0
     0
     0
     0
     0
     0
     0
     0
     0
     0
     0
     0
     0
     0
     0
     0
     0
     0
     0
     0
     0
0.00158146
0.0233953
0.157455
0.529561
1.1589
1.80775
2.27303
2.50762
 2.482
2.34186
2.15559
1.93439
1.72876
1.54052
1.37237
1.23649
1.11461
0.992689
0.918806
0.857639
0.806163
0.75323
0.720538
0.701678
0.678664
0.665012
0.663591
0.65637
0.661141
0.672195
0.689365
0.702666
0.734073
0.771367
0.808761
0.839916
0.880355
0.919171
0.965407
1.00512
1.03635
1.08374
1.11029
1.14428
1.16152
1.18004
1.20108
1.19427
1.18778
1.18397
1.16856
1.13636
1.12382
1.09276
1.06457
1.03102
1.00689
0.984627
0.962794
0.94294
0.920241
0.907029
0.898274
0.879226
0.875653
0.879152
     0
     0
     0
     0
     0
     0
     0
     0
     0
     0
     0
     0
     0
     0
     0
     0
     0
     0
     0
     0
     0
     0
     0
     0
     0
     0
     0
     0
     0
     0
     0
     0
     0
     0
0.00164546
0.0230815
0.15759
0.531203
1.1663
1.81256
2.28447
2.50031
2.48872
2.34722
2.15154
 1.931
1.72086
1.53237
1.36735
1.22492
1.11036
0.996268
0.915805
0.855543
0.807799
0.757544
0.72231
0.702503
0.681008
0.666889
0.665606
0.656862
0.662852
0.671553
0.690867
0.706046
0.734878
0.770237
0.809667
0.842648
0.881546
0.920316
0.963096
1.00651
1.03679
1.08263
1.11293
1.14419
1.1643
1.18052
1.20016
1.19059
1.19069
1.1816
1.16748
1.13721
1.11957
1.09057
1.0618
1.02801
1.00298
0.981819
0.960176
0.939366
0.921234
0.907667
0.895546
0.883578
0.877305
0.878861
     0
     0
     0
     0
     0
     0
     0
     0
     0
     0
     0
     0
     0
     0
     0
     0
     0
     0
     0
     0
     0
     0
     0
     0
     0
     0
     0
     0
     0
     0
     0
     0
     0
     0
0.00147465
0.0229106
0.159187
0.533708
1.17048
1.81214
2.28252
2.4933
2.48388
2.35116
2.15587
1.93637
1.72359
1.52291
1.36188
1.22389
1.10614
0.994804
0.916207
0.853772
0.805451
0.756164
0.722455
0.701328
0.681894
0.665678
0.668412
0.660984
0.663196
0.67454
0.691446
0.712055
0.740502
0.772662
0.81068
0.843988
0.882838
0.920187
0.962987
1.00511
1.03547
1.07954
1.11085
1.14364
1.16362
1.18185
1.1981
1.19005
1.18976
1.18343
1.16828
1.13691
1.11723
1.08852
1.05993
1.02543
1.00108
0.977665
0.957935
0.939634
0.919993
0.907743
0.896108
0.884291
0.879402
0.881018
     0
     0
     0
     0
     0
     0
     0
     0
     0
     0
     0
     0
     0
     0
     0
     0
     0
     0
     0
     0
     0
     0
     0
     0
     0
     0
     0
     0
     0
     0
     0
     0
     0
4.62383e-05
0.001506
0.022911
0.159572
0.537846
1.17752
1.82116
2.28842
2.49834
2.48265
2.34712
2.15237
1.92913
1.71753
1.52168
1.35838
1.22114
1.1039
0.993154
0.914936
0.851953
0.804661
0.755486
0.720443
0.702382
0.683893
0.667353
0.667616
0.662693
0.664855
0.677166
0.69466
0.714207
0.74253
0.775576
0.812558
0.846263
0.885182
0.919003
0.963441
1.00579
1.03783
1.07996
1.11106
1.14267
1.16478
1.18204
1.19451
1.18969
 1.187
1.1798
1.16449
1.13475
1.11284
1.08639
1.05804
1.02473
1.00016
0.976748
0.957043
0.940893
0.921685
0.910229
0.898246
0.88621
0.881063
0.881787
     0
     0
     0
     0
     0
     0
     0
     0
     0
     0
     0
     0
     0
     0
     0
     0
     0
     0
     0
     0
     0
     0
     0
     0
     0
     0
     0
     0
     0
     0
     0
     0
     0
3.96328e-05
0.00137846
0.023116
0.15795
0.539807
1.17744
1.82595
2.28788
2.49796
2.48206
2.34683
2.15451
1.93041
1.71777
1.52334
1.35753
1.22062
1.10261
0.992878
0.916168
0.852063
0.80425
0.75471
0.719624
0.702911
0.682284
0.668057
0.664957
0.660761
0.664165
0.675921
0.692861
0.715243
0.740744
0.773861
0.811374
0.846124
0.885291
0.921762
0.965658
1.00786
1.04164
1.0825
1.11465
1.14583
1.16757
1.18338
1.19409
1.19124
1.18743
1.17827
1.16194
1.13417
1.11085
1.08488
1.05535
1.02418
0.998659
0.976399
0.956041
0.93851
0.92034
0.909255
0.897684
0.88569
0.879103
0.880324
     0
     0
     0
     0
     0
     0
     0
     0
     0
     0
     0
     0
     0
     0
     0
     0
     0
     0
     0
     0
     0
     0
     0
     0
     0
     0
     0
     0
     0
     0
     0
     0
     0
3.46787e-05
0.00140299
0.0230401
0.157663
0.53827
1.17647
1.82144
2.28615
2.49785
2.48058
2.34956
2.15445
1.93166
1.71655
1.52457
1.3564
1.22058
1.10386
0.995533
0.919328
0.853687
0.804892
0.756715
0.721852
0.702151
0.682767
0.667495
0.66406
0.659878
0.66388
0.674719
0.690827
0.71241
0.738823
0.773041
0.808303
0.844416
0.884182
0.923495
0.96541
1.00915
1.04231
1.08118
1.11724
1.14674
1.16729
1.18467
1.19525
1.1953
1.18945
1.17887
1.16249
1.13421
1.11144
1.0866
1.05543
1.02517
0.997918
0.975306
0.954935
0.936748
0.920266
0.908366
0.896885
0.884954
0.878719
0.87964
     0
     0
     0
     0
     0
     0
     0
     0
     0
     0
     0
     0
     0
     0
     0
     0
     0
     0
     0
     0
     0
     0
     0
     0
     0
     0
     0
     0
     0
     0
     0
     0
     0
3.08255e-05
0.00144158
0.0235237
0.159041
0.541577
1.17633
1.8237
2.28483
2.50101
2.4855
2.34764
2.15496
1.92988
1.71282
1.52154
1.35633
1.21813
1.10366
0.996434
0.916953
0.853349
0.803989
0.754926
0.722836
0.702266
0.683655
0.668457
0.664862
0.660457
0.664933
0.676687
0.691523
0.713651
0.738605
0.771637
0.806968
0.842451
0.883452
0.92368
0.963677
1.00899
1.04116
1.08037
1.11785
1.1481
1.16959
1.18715
1.19674
1.1964
1.19021
1.17969
1.16319
1.13439
1.11114
1.08471
1.05421
1.02451
0.997718
0.97358
0.952917
0.935506
0.92004
0.907309
0.896033
0.884645
0.878005
0.878991
     0
     0
     0
     0
     0
     0
     0
     0
     0
     0
     0
     0
     0
     0
     0
     0
     0
     0
     0
     0
     0
     0
     0
     0
     0
     0
     0
     0
     0
     0
     0
     0
     0
2.7743e-05
0.00135901
0.023618
0.159795
0.541656
1.17626
1.82578
2.28718
2.50114
2.48722
2.34885
2.15445
1.92707
1.71249
1.52071
1.35508
1.21914
1.10248
0.995848
0.916665
0.852393
0.802458
0.755132
0.721757
0.702675
0.683723
0.668946
0.665261
0.660749
0.665451
0.677882
0.691584
0.713885
0.739878
0.772419
0.806543
0.842946
0.883495
0.923527
0.963307
1.00829
1.04207
 1.081
1.11767
1.1484
1.16987
1.18754
1.19571
1.1963
1.18961
1.17963
1.16265
1.13525
1.11133
1.08355
1.0541
1.02382
0.997807
0.974696
0.95275
0.934615
0.919702
0.906875
0.89591
0.884585
0.877878
0.87909
     0
     0
     0
     0
     0
     0
     0
     0
     0
     0
     0
     0
     0
     0
     0
     0
     0
     0
     0
     0
     0
     0
     0
     0
     0
     0
     0
     0
     0
     0
     0
     0
     0
     0
     0
     0
     0
     0
7.04287e-05
0.00249203
0.0458994
0.286428
0.950781
2.17686
3.54717
4.49336
4.82925
4.40614
3.62675
2.66221
1.76934
1.10032
0.636034
0.344883
0.175694
0.0819348
0.0447365
0.0387927
0.0578128
0.0990891
0.176833
0.294912
0.446844
0.605063
0.781798
0.90712
0.966137
0.926372
0.802175
0.647495
0.467362
0.314952
0.210119
0.179997
0.24385
0.414481
0.729647
1.16743
1.70584
2.21431
2.59518
2.68783
2.53486
2.15991
1.67539
1.17969
0.778887
0.536868
0.415294
0.441973
0.574282
0.7484
0.90514
1.01787
1.02716
0.919884
0.777575
0.645052
0.5565
0.545142
     0
     0
     0
     0
     0
     0
     0
     0
     0
     0
     0
     0
     0
     0
     0
     0
     0
     0
     0
     0
     0
     0
     0
     0
     0
     0
     0
     0
     0
     0
     0
     0
     0
     0
     0
     0
     0
     0
3.52144e-05
0.00289225
0.0473971
0.28671
0.965229
2.18795
3.55723
4.49357
4.79925
4.40775
3.58901
2.64056
1.78686
1.11073
0.641577
0.345695
0.17949
0.0870773
0.0491728
0.0432695
0.0599026
0.102209
0.179432
0.291767
0.449089
0.610924
0.788712
0.90456
0.955993
0.911347
0.801438
0.637091
0.464379
0.315769
0.215363
0.188246
0.251492
0.426003
0.740405
1.17544
1.70503
2.20213
2.58482
2.68067
2.51848
2.14961
1.66891
1.17687
0.788587
0.545055
0.424879
0.451537
0.58183
0.756039
0.907778
1.00968
1.01957
0.914634
0.774258
0.645249
0.562865
0.560996
     0
     0
     0
     0
     0
     0
     0
     0
     0
     0
     0
     0
     0
     0
     0
     0
     0
     0
     0
     0
     0
     0
     0
     0
     0
     0
     0
     0
     0
     0
     0
     0
     0
     0
     0
     0
     0
     0
2.34762e-05
0.00291377
0.0485104
0.286559
0.975219
2.20018
3.55277
4.49053
4.7842
4.39811
3.58008
2.64378
1.79511
1.11566
0.64061
0.348849
0.178023
0.0859712
0.0500131
0.0437206
0.0618864
0.103162
0.182012
0.293228
0.448197
0.610265
0.785031
0.901916
0.957579
0.911918
0.79852
0.635427
0.463269
0.314697
0.219842
0.190164
0.252829
0.429243
0.741071
1.17963
1.70381
2.19826
2.57431
2.67991
2.5206
2.15036
1.66845
1.17883
0.791742
0.543724
0.428489
0.455753
0.583033
0.755233
0.904807
1.00739
1.01783
0.909633
0.773583
0.646357
0.566885
0.56575
     0
     0
     0
     0
     0
     0
     0
     0
     0
     0
     0
     0
     0
     0
     0
     0
     0
     0
     0
     0
     0
     0
     0
     0
     0
     0
     0
     0
     0
     0
     0
     0
     0
     0
     0
     0
     0
     0
1.76072e-05
0.0029445
0.0470319
0.280858
0.967822
2.19321
3.54647
4.50933
4.79576
4.40477
3.58741
2.64347
1.78995
1.11309
0.639236
0.346606
0.176397
0.0846649
0.0486509
0.0428496
0.0606853
0.103099
0.182267
0.291491
0.4474
0.613455
0.785088
0.903758
0.959508
0.914128
0.797359
0.635014
0.460087
0.314554
0.218131
0.189441
0.251426
0.427419
0.736113
1.17469
1.69988
2.20126
2.5802
2.69162
2.52651
2.15533
1.67173
1.1784
0.78843
0.53603
0.423978
0.454647
0.580037
0.754476
0.907484
1.00926
1.02058
0.911375
0.77459
0.644658
0.567538
0.562783
     0
     0
     0
     0
     0
     0
     0
     0
     0
     0
     0
     0
     0
     0
     0
     0
     0
     0
     0
     0
     0
     0
     0
     0
     0
     0
     0
     0
     0
     0
     0
     0
     0
     0
     0
     0
     0
     0
5.62022e-05
0.00305901
0.0465352
0.280081
0.972016
2.18802
3.53889
4.50431
4.80199
4.40656
3.59954
2.64914
1.7915
1.10754
0.635449
0.345014
0.17498
0.0846531
0.048225
0.0421357
0.059888
0.103319
0.181297
0.291111
0.445824
0.614325
0.786425
0.905773
0.962165
0.915797
0.79869
0.632945
0.458223
0.312565
0.217064
0.189433
0.250026
0.425928
0.733236
1.17139
1.70181
2.20578
2.57946
2.69504
2.53214
2.16013
1.67077
1.17766
0.785638
0.534713
0.422795
0.453536
0.577633
0.752294
0.908401
1.01064
1.02084
0.914959
0.773306
0.642975
0.564865
0.562588
     0
     0
     0
     0
     0
     0
     0
     0
     0
     0
     0
     0
     0
     0
     0
     0
     0
     0
     0
     0
     0
     0
     0
     0
     0
     0
     0
     0
     0
     0
     0
     0
     0
     0
     0
     0
     0
     0
4.68352e-05
0.00344732
0.0467545
0.283313
0.972868
2.19019
3.54022
4.50266
4.79983
4.4033
3.59275
2.64784
1.78898
1.11204
0.637631
0.345988
0.175979
0.0853118
0.0481783
0.041997
0.0598854
0.10389
0.182169
0.293442
0.447309
0.615398
0.785675
0.903957
0.958605
0.912524
0.797136
0.634087
0.460402
0.313154
0.217093
0.189825
0.251296
0.426736
0.735679
1.17322
1.70221
2.20615
2.57745
2.69092
2.52612
2.16014
1.67132
1.18003
0.786037
0.536918
0.424248
0.453804
0.578186
0.751959
0.908082
1.00912
1.01889
0.913724
0.773403
0.645548
0.565359
0.56504
     0
     0
     0
     0
     0
     0
     0
     0
     0
     0
     0
     0
     0
     0
     0
     0
     0
     0
     0
     0
     0
     0
     0
     0
     0
     0
     0
     0
     0
     0
     0
     0
     0
     0
     0
     0
     0
     0
5.02917e-05
0.00352361
0.0464384
0.28303
0.972483
2.18926
3.53648
4.50191
4.80335
4.40524
3.59598
2.64987
1.79121
1.11074
0.636398
0.344083
0.175152
0.0839045
0.0482334
0.0416322
0.0591092
0.102363
0.180142
0.293475
0.447819
0.617738
0.787923
0.904117
0.959375
0.913766
0.796998
0.633535
0.46018
0.31262
0.217084
0.188737
0.25015
0.42528
0.734753
1.17222
1.70203
2.20844
2.57843
2.69423
2.52963
2.15809
1.67004
1.18145
0.785877
0.534956
0.423587
0.452965
0.576845
0.750582
0.908733
1.00981
1.02052
0.914067
0.774191
0.644513
0.56385
0.564551
     0
     0
     0
     0
     0
     0
     0
     0
     0
     0
     0
     0
     0
     0
     0
     0
     0
     0
     0
     0
     0
     0
     0
     0
     0
     0
     0
     0
     0
     0
     0
     0
     0
     0
     0
     0
     0
     0
4.40053e-05
0.00346216
0.0458236
0.281488
0.968817
2.18372
3.53735
4.50291
 4.806
 4.415
3.60144
2.65204
1.78873
1.10889
0.635349
0.34188
0.173869
0.0828333
0.047775
0.0405987
0.0583273
0.101763
0.179551
0.293024
0.445419
0.618891
0.789046
0.908134
0.961566
0.914224
0.797104
0.632716
0.459606
0.312268
0.215401
0.187915
0.248658
0.423463
0.732609
1.17219
1.69999
2.2103
2.57995
2.69746
2.53476
2.15902
1.67162
1.18163
0.785082
0.531632
0.422021
0.450681
0.576289
0.750341
0.909756
1.01085
1.02164
0.915099
0.774105
0.644014
0.561928
0.562648
     0
     0
     0
     0
     0
     0
     0
     0
     0
     0
     0
     0
     0
     0
     0
     0
     0
     0
     0
     0
     0
     0
     0
     0
     0
     0
     0
     0
     0
     0
     0
     0
     0
     0
     0
     0
     0
     0
3.91158e-05
0.00345847
0.0464014
0.281357
0.970422
2.18203
3.54114
4.50463
4.80286
4.41253
3.59712
2.65177
1.78756
1.11031
0.637621
0.342035
0.174371
0.0837241
0.048047
0.0408792
0.0581758
0.102837
0.18057
0.293623
0.445246
0.618866
0.787887
0.908604
0.958552
0.91329
0.796486
0.632966
0.459802
0.31311
0.215473
0.18864
0.249364
0.424616
0.734369
1.17507
1.6996
2.20787
2.57587
2.69524
2.53346
2.16091
1.67126
1.18263
0.786195
0.532368
0.423038
0.451507
0.576941
0.749776
0.909033
1.01015
1.02086
0.913658
0.773781
0.644736
0.563699
0.56423
     0
     0
     0
     0
     0
     0
     0
     0
     0
     0
     0
     0
     0
     0
     0
     0
     0
     0
     0
     0
     0
     0
     0
     0
     0
     0
     0
     0
     0
     0
     0
     0
     0
     0
     0
     0
     0
     0
6.35459e-05
0.00348977
0.0464307
0.281328
0.970329
2.18254
3.5386
4.50418
4.80476
4.41317
3.5946
2.6521
1.78857
1.11181
0.636888
0.34247
0.174712
0.0837303
0.0478234
0.0406143
0.0582321
0.102749
0.180797
0.294461
0.445332
0.618721
0.787045
0.90932
0.958664
0.912763
0.796141
0.633046
0.458695
0.313407
0.215822
0.188695
0.249741
0.423959
0.73453
1.17411
1.69959
2.20894
2.57597
2.6961
2.53206
2.16039
1.67186
1.18364
0.786685
0.53236
0.423399
0.451244
0.576602
0.749812
0.909212
1.00939
1.02044
0.913577
0.773994
0.64451
0.564662
0.564629
