0.0000000000E+00,	0.0000000000E+00
0.0000000000E+00,	0.0000000000E+00
0.0000000000E+00,	0.0000000000E+00
0.0000000000E+00,	0.0000000000E+00
0.0000000000E+00,	0.0000000000E+00
0.0000000000E+00,	0.0000000000E+00
0.0000000000E+00,	0.0000000000E+00
0.0000000000E+00,	0.0000000000E+00
0.0000000000E+00,	0.0000000000E+00
0.0000000000E+00,	0.0000000000E+00
0.0000000000E+00,	0.0000000000E+00
0.0000000000E+00,	0.0000000000E+00
0.0000000000E+00,	0.0000000000E+00
5.8556480000E-04,	2.4387174049E-04
1.3539820000E-01,	2.1182747131E-03
9.9369610000E-01,	6.2709182334E-03
1.9040990000E+00,	1.7739256157E-02
2.1241510000E+00,	1.7218623319E-02
1.9808730000E+00,	1.7299131799E-02
1.7468270000E+00,	1.9466038657E-02
1.5359630000E+00,	9.9460776691E-03
1.3872750000E+00,	5.2674742524E-03
1.2849540000E+00,	7.1297408087E-03
1.1956700000E+00,	9.9263215745E-03
1.1409620000E+00,	8.5930702313E-03
1.0943960000E+00,	9.8596107428E-03
1.0626260000E+00,	4.8614179001E-03
1.0419060000E+00,	8.7522822167E-03
1.0376110000E+00,	6.2060397195E-03
1.0400170000E+00,	7.2242855010E-03
1.0392370000E+00,	3.7490586818E-03
1.0367070000E+00,	2.6199505721E-03
1.0192150000E+00,	3.4852065937E-03
1.0257390000E+00,	5.5425561793E-03
1.0234130000E+00,	9.2907040099E-03
1.0153750000E+00,	7.1495849530E-03
1.0065206000E+00,	5.1071678296E-03
1.0021608000E+00,	3.6856471291E-03
1.0002701000E+00,	5.6662969645E-03
9.9438620000E-01,	1.5575829865E-03
1.0003838000E+00,	3.4260588961E-03
9.9455450000E-01,	3.1685798159E-03
9.9328990000E-01,	1.0510625529E-03
9.8458190000E-01,	2.6775784377E-03
9.8698200000E-01,	2.8939806150E-03
9.8849870000E-01,	1.7479400475E-03
9.7753330000E-01,	5.5501024684E-03
9.8157650000E-01,	4.9955161345E-03
9.8110620000E-01,	2.8174908270E-03
9.8775020000E-01,	1.1881167281E-03
9.7971490000E-01,	2.8507979041E-03
9.8135710000E-01,	2.3483640880E-03
9.7755150000E-01,	1.4755462209E-03
9.8171930000E-01,	1.8758196102E-03
9.7618300000E-01,	3.4613886231E-03
9.7640580000E-01,	4.2173208984E-03
9.7579130000E-01,	2.1674338766E-03
9.7764050000E-01,	1.3199716852E-03
9.7262350000E-01,	3.6419542625E-03
9.7363260000E-01,	3.6788321571E-03
9.7506860000E-01,	2.5905407236E-03
9.7425240000E-01,	2.6522436239E-03
9.8053480000E-01,	2.4190469115E-03
9.7728610000E-01,	2.2508312442E-03
9.7635950000E-01,	1.5529501763E-03
9.7918160000E-01,	9.9013031453E-04
9.7465580000E-01,	1.7392749523E-03
9.7021020000E-01,	2.4285827060E-03
9.7533650000E-01,	2.6537669170E-03
9.7768370000E-01,	1.6544877787E-03
9.7659770000E-01,	2.0247319848E-03
9.7726930000E-01,	1.1439071684E-03
9.7430640000E-01,	2.1928313296E-03
9.7831550000E-01,	1.8778456938E-03
9.7580170000E-01,	1.2665327513E-03
9.7348120000E-01,	8.1392970223E-04
9.7359410000E-01,	7.4063195327E-04
9.7585390000E-01,	1.5806262334E-03
9.7368770000E-01,	9.3651450068E-04
9.7142530000E-01,	2.0142110639E-03
9.7291890000E-01,	2.6290773077E-03
9.7305140000E-01,	1.8932642816E-03
9.7461790000E-01,	1.3830189768E-03
9.7213990000E-01,	1.7977099570E-03
9.7600380000E-01,	2.0049529569E-03
9.7434990000E-01,	7.9442588693E-04
9.7289100000E-01,	1.9456972529E-03
9.7826230000E-01,	1.4393629875E-03
9.7200140000E-01,	2.2840644123E-03
9.7654600000E-01,	2.4816773762E-03
9.7319560000E-01,	1.1921318048E-03
9.7415590000E-01,	1.5359433877E-03
9.7396200000E-01,	1.4221168025E-03
9.7550840000E-01,	1.3314508028E-03
9.7371960000E-01,	7.3206382211E-04
9.7531400000E-01,	4.0693807890E-04
9.7387600000E-01,	1.0440388882E-03
9.7696520000E-01,	7.1495731337E-04
9.7379160000E-01,	1.0230903379E-03
9.7404540000E-01,	1.4766982902E-03
