           1 2.15935e-08 2.15935e-08           0
           2 2.15421e-08 2.15678e-08 1.81516e-11
           3 2.31516e-08 2.20957e-08 4.31223e-10
           4 2.26246e-08 2.22279e-08 3.43088e-10
           5 2.25388e-08 2.22901e-08 2.80048e-10
           6 2.34444e-08 2.24825e-08 2.92072e-10
           7 2.26037e-08 2.24998e-08  2.5086e-10
           8 2.19481e-08 2.24308e-08 2.28786e-10
           9 2.32702e-08 2.25241e-08 2.21562e-10
          10  2.2914e-08 2.25631e-08 2.02807e-10
           1 6.60436e-08 6.60436e-08           0
           2 6.66865e-08 6.63651e-08 2.27301e-10
           3  6.6885e-08 6.65384e-08 2.07325e-10
           4 6.56541e-08 6.63173e-08 2.46645e-10
           5 6.60225e-08 6.62583e-08 2.04244e-10
           6 6.68179e-08 6.63516e-08  1.9031e-10
           7  6.6082e-08 6.63131e-08 1.66975e-10
           8 6.53807e-08 6.61965e-08 1.82298e-10
           9 6.65127e-08 6.62317e-08 1.65392e-10
          10 6.62538e-08 6.62339e-08 1.48868e-10
           1 1.19827e-09 1.19827e-09           0
           2 1.20336e-09 1.20081e-09 1.79806e-12
           3  1.2007e-09 1.20078e-09 1.19914e-12
           4 1.20204e-09 1.20109e-09 9.39922e-13
           5 1.20185e-09 1.20124e-09 7.64162e-13
           6 1.20128e-09 1.20125e-09 6.36821e-13
           7 1.20228e-09  1.2014e-09 5.62704e-13
           8 1.20049e-09 1.20128e-09 5.03514e-13
           9 1.20395e-09 1.20158e-09  5.2784e-13
          10 1.20237e-09 1.20166e-09 4.80891e-13
           1 1.19827e-09 1.19827e-09           0
           2 1.20336e-09 1.20081e-09 1.79806e-12
           3  1.2007e-09 1.20078e-09 1.19914e-12
           4 1.20204e-09 1.20109e-09 9.39922e-13
           5 1.20185e-09 1.20124e-09 7.64162e-13
           6 1.20128e-09 1.20125e-09 6.36821e-13
           7 1.20228e-09  1.2014e-09 5.62704e-13
           8 1.20049e-09 1.20128e-09 5.03514e-13
           9 1.20395e-09 1.20158e-09  5.2784e-13
          10 1.20237e-09 1.20166e-09 4.80891e-13
