0.324166
0.482754
0.323571
0.140177
0.423143
0.00653845
-0.0629938
0.317991
0.321159
-0.282406
0.032501
0.060315
0.180762
0.0858351
0.169792
0.328012
-0.106897
-0.133055
-0.151901
-0.256506
-0.114742
0.220843
0.116807
-0.233572
-0.0407936
-0.148981
-0.380317
-0.144312
0.0349441
0.472722
0.440228
-0.14089
0.455476
0.263799
0.499287
0.378619
-0.229663
-0.0637072
0.19661
-0.408503
0.153887
-0.270889
0.151812
-0.165351
0.314946
-0.178396
-0.33734
-0.291951
0.18855
0.0107589
-0.0484561
-0.426193
-0.268398
-0.431649
-0.159764
0.190808
-0.0806301
-0.0400812
-0.453504
0.454314
-0.0673592
0.486724
-0.186576
-0.111884
0.250523
-0.18729
-0.233265
-0.47914
0.249003
0.463345
-0.387643
-0.0971097
-0.307544
0.264169
0.237539
-0.492598
-0.414227
0.400199
-0.284548
0.274322
-0.089042
0.166995
0.34813
0.14256
0.235346
-0.311635
-0.166631
-0.345284
0.148284
-0.120135
-0.39097
-0.419075
-0.133411
-0.0775462
-0.0309589
-0.382889
0.235164
0.235776
-0.362029
-0.0158325
