0.0515307   -0.465886   -0.173116
0.256736   -0.0117846   -0.0178959
-0.121742   0.116267   0.411105
0.122175   -0.404035   0.407561
0.0297669   -0.121276   0.160488
0.0324494   -0.495346   0.100273
0.281074   0.479702   -0.460026
0.00100126   -0.239575   0.0812058
0.00637483   -0.423742   -0.223624
-0.302892   0.448289   0.0846527
0.0869451   -0.176515   -0.441317
-0.451284   0.225678   0.236711
-0.21587   0.0487758   -0.398989
0.209624   0.351991   -0.369916
0.11417   0.147324   0.352214
-0.0681866   -0.217321   0.162695
0.400266   0.136963   0.0760082
-0.455832   -0.489   0.436572
-0.358257   0.109643   0.187371
-0.477675   0.0949534   0.226281
0.328807   0.158889   0.0622132
-0.119695   -0.442682   0.309532
-0.373734   -0.076127   0.371493
0.427406   0.167787   0.291261
0.351642   -0.445029   -0.179054
0.0928001   0.386747   -0.0245684
-0.210985   0.297344   0.129305
-0.105246   0.241126   -0.0903476
-0.402762   -0.113777   -0.449238
0.0877049   -0.0686746   0.42065
0.20543   0.31716   -0.447573
-0.477087   -0.356341   0.418012
-0.206262   0.128411   -0.493739
0.117621   -0.249823   0.413484
-0.337011   -0.110954   -0.064467
-0.415262   0.408278   0.194694
0.455546   0.206534   0.0871037
0.0638544   -0.140695   -0.190322
-0.195342   0.149831   -0.181742
-0.119739   -0.252569   -0.452787
0.242016   0.378505   0.499267
-0.103484   -0.493038   -0.493874
-0.492721   0.142886   0.378377
0.291514   0.305648   -0.238328
-0.49595   -0.336289   0.214133
0.107942   -0.401443   -0.137339
0.287869   0.226376   -0.0740528
0.342367   -0.446267   0.458924
-0.00285832   0.133764   0.331658
-0.43451   0.277931   0.315965
-0.175051   0.0435453   -0.124059
-0.400581   -0.333891   0.465422
0.167284   -0.204635   0.0473736
-0.0758541   -0.207734   0.334952
-0.444525   0.148385   -0.134444
-0.129072   0.345138   -0.317798
0.187827   -0.193157   -0.066492
-0.223324   -0.322289   -0.456307
0.336246   0.247421   -0.287643
-0.308044   -0.397837   0.127575
-0.168582   0.126481   -0.360996
-0.355478   0.129331   0.0773558
0.436593   -0.145702   0.295349
-0.117204   0.194604   0.278288
0.0150905   0.0547914   0.322488
0.349205   -0.174844   0.276949
0.295957   -0.140197   0.21339
0.248642   -0.135287   0.305041
-0.245393   -0.189229   0.294991
-0.268494   0.353625   0.338878
0.26416   0.419229   -0.0429882
-0.252587   0.22762   0.3476
-0.199025   0.154708   0.381135
-0.383044   0.453893   -0.465105
-0.334344   0.0748017   -0.435756
0.34061   -0.483552   -0.00179227
-0.402608   0.410618   -0.194388
-0.443709   0.383541   -0.106597
-0.36916   0.0477715   0.352289
-0.00744124   -0.0672278   0.430374
-0.352194   0.346302   -0.0736211
-0.419817   0.201391   0.402285
0.453352   -0.177717   0.198142
0.294464   0.458825   -0.231185
-0.116968   -0.0344906   -0.17105
0.0813476   0.38039   0.137564
-0.278423   0.139179   -0.221555
-0.148109   -0.284315   0.243936
-0.0181379   -0.289224   -0.330426
-0.0635021   -0.37663   -0.0775391
-0.432886   0.112553   0.301031
-0.410471   -0.198297   -0.438205
0.456712   -0.403323   0.427855
0.14978   0.300595   0.412547
-0.438188   -0.0256656   -0.282045
-0.128077   0.414292   0.0139544
-0.219599   -0.0641908   -0.0520682
-0.419632   0.0523645   -0.366063
-0.0264255   0.180081   -0.0735524
-0.102276   -0.140037   -0.38948
-0.102702   0.468822   0.0991706
0.0349734   0.135132   -0.398649
-0.388479   0.495016   -0.227346
0.185651   -0.0660701   -0.332815
0.360439   -0.408225   0.11921
0.328149   0.0787736   -0.452982
0.268149   -0.499627   -0.351065
-0.254844   0.371933   0.00206478
