-6.36201
-6.35371
-6.33932
-6.3166
-6.28301
-6.23715
-6.17985
-6.10701
-6.01673
-5.90864
-5.78047
-5.63582
-5.4839
-5.33471
-5.20008
-5.09127
-5.01504
-4.97185
-4.9582
-4.96716
-4.9926
-5.02498
-5.05892
-5.09115
-5.11708
-5.13555
-5.14747
-5.15306
-5.15687
-5.15891
-5.15991
-5.16122
-5.16148
-5.15817
-5.14965
-5.13435
-5.11114
-5.08259
-5.05203
-5.02235
-4.99833
-4.97951
-4.96711
-4.96083
-4.95968
-4.96245
-4.97113
-4.98498
-5.00175
-5.01945
-5.03584
-5.04748
-5.05408
-5.05379
-5.04828
-5.03649
-5.02316
-5.01044
-5.00168
-4.9966
-4.99578
-4.99854
-5.00248
-5.00881
-5.01625
-5.02401
-5.02994
-5.0334
-5.03476
-5.0335
-5.03047
-5.02966
-5.03262
-5.03963
-5.0505
-5.06222
-5.07219
-5.07846
-5.08344
-5.08676
-5.08847
-5.08826
-5.09026
-5.08854
-5.08466
-5.08046
-5.07526
-5.07181
-5.07232
-5.07333
-5.0769
-5.08077
-5.08579
-5.0903
-5.09347
-5.09311
-5.09037
-5.08335
-5.07369
-5.05929
-5.04277
-5.02257
-4.99987
-4.97675
-4.95285
-4.93125
-4.91457
-4.90523
-4.90557
-4.91643
-4.93537
-4.96107
-4.99012
-5.01731
-5.0384
-5.05399
-5.06251
-5.06448
-5.05934
-5.05056
-5.04136
-5.03116
-5.02459
-5.01894
-5.0144
-5.0099
-5.00525
-6.36201
-6.35371
-6.33932
-6.3166
-6.28301
-6.23715
-6.17985
-6.10701
-6.01673
-5.90864
-5.78047
-5.63582
-5.4839
-5.33471
-5.20008
-5.09127
-5.01504
-4.97185
-4.9582
-4.96716
-4.9926
-5.02498
-5.05892
-5.09115
-5.11708
-5.13555
-5.14747
-5.15306
-5.15687
-5.15891
-5.15991
-5.16122
-5.16148
-5.15817
-5.14965
-5.13435
-5.11114
-5.08259
-5.05203
-5.02235
-4.99833
-4.97951
-4.96711
-4.96083
-4.95968
-4.96245
-4.97113
-4.98498
-5.00175
-5.01945
-5.03584
-5.04748
-5.05408
-5.05379
-5.04828
-5.03649
-5.02316
-5.01044
-5.00168
-4.9966
-4.99578
-4.99854
-5.00248
-5.00881
-5.01625
-5.02401
-5.02994
-5.0334
-5.03476
-5.0335
-5.03047
-5.02966
-5.03262
-5.03963
-5.0505
-5.06222
-5.07219
-5.07846
-5.08344
-5.08676
-5.08847
-5.08826
-5.09026
-5.08854
-5.08466
-5.08046
-5.07526
-5.07181
-5.07232
-5.07333
-5.0769
-5.08077
-5.08579
-5.0903
-5.09347
-5.09311
-5.09037
-5.08335
-5.07369
-5.05929
-5.04277
-5.02257
-4.99987
-4.97675
-4.95285
-4.93125
-4.91457
-4.90523
-4.90557
-4.91643
-4.93537
-4.96107
-4.99012
-5.01731
-5.0384
-5.05399
-5.06251
-5.06448
-5.05934
-5.05056
-5.04136
-5.03116
-5.02459
-5.01894
-5.0144
-5.0099
-5.00525
-5.00219
-5.00167
-5.0066
-5.01789
-5.03371
-5.05168
-5.07276
-5.09503
-5.11624
-5.13229
-5.14432
-5.15055
-5.15266
-5.15106
-5.14967
-5.1507
-5.15202
-5.15288
-5.15082
-5.14491
-5.13568
-5.12618
-5.11833
-5.1158
-5.11692
-5.12195
-5.12684
-5.12768
-5.12453
-5.11372
-5.09756
-5.07632
-5.05545
-5.03953
-5.03247
-5.03769
-5.05173
-5.06564
-5.0755
-5.07957
-5.08136
-5.08445
-5.09011
-5.0999
-5.11086
-5.12289
-5.13549
-5.14692
-5.15856
-5.16963
-5.18069
-5.1868
-5.18684
-5.1758
-5.1586
-5.13658
-5.11479
-5.09907
-5.09509
-5.10066
-5.11286
-5.12585
-5.1388
-5.14731
-5.15325
-5.15697
-5.15591
-5.1499
-5.139
-5.12229
-5.09933
-5.07266
-5.04478
-5.01586
-4.98843
-4.96398
-4.94607
-4.93422
-4.93176
-4.93686
-4.94889
-4.96784
-4.99359
-5.02656
-5.06204
-5.09933
-5.13528
-5.16629
-5.19231
-5.21022
-5.21894
-5.22095
-5.21547
-5.20527
-5.19067
-5.17374
-5.15687
-5.13796
-5.12041
-5.10395
-5.09064
-5.08145
-5.07666
-5.07824
-5.08451
-5.09678
-5.11363
-5.132
-5.1514
-5.16853
-5.18062
-5.18807
-5.18935
-5.18525
-5.17742
-5.16554
-5.15302
-5.1418
-5.13745
-5.13914
-5.14725
-5.16236
-5.17867
-5.19686
-5.21114
-5.22082
-5.22695
-5.22522
-5.21573
-5.19875
-5.18001
-5.16186
-5.14346
-5.12639
-5.10842
-5.09064
-5.07276
-5.05577
-5.04152
-5.03012
-5.02256
-5.01871
-5.01849
-5.02094
-5.02493
-5.02731
-5.0274
-5.02305
-5.01369
-5.00027
-4.98357
-4.96803
-4.95646
-4.95387
-4.96318
-4.98414
-5.01383
-5.04765
-5.07866
-5.10291
-5.11509
-5.11373
-5.1045
-5.08914
-5.07267
-5.05803
-5.05188
-5.05287
-5.06329
-5.0788
-5.0938
-5.10784
-5.11926
-5.12628
-5.12838
-5.12553
-5.11707
-5.10508
-5.09069
-5.07634
-5.06332
-5.05013
-5.03877
-5.02898
-5.02505
-5.0303
-5.04661
-5.06992
-5.09664
-5.12051
-5.13681
-5.14364
-5.1397
-5.1279
-5.1098
-5.09144
-5.0755
-5.06647
-5.06548
-5.07127
-5.08131
-5.09081
-5.09674
-5.09531
-5.08436
-5.06564
-5.04171
-5.01472
-4.98999
-4.97138
-4.96051
-4.95806
-4.96438
-4.9765
-4.9946
-5.01597
-5.03801
-5.05556
-5.06793
-5.07011
-5.06514
-5.05329
-5.04012
-5.03007
-5.0279
-5.03381
-5.04445
-5.05577
-5.0623
-5.0665
-5.06951
-5.07201
-5.07697
-5.08527
-5.09514
-5.1059
-5.11437
-5.12134
-5.12658
-5.12843
-5.12982
-5.12887
-5.12707
-5.12559
-5.12381
-5.12464
-5.12721
-5.13056
-5.13444
-5.13713
-5.13785
-5.13742
-5.13519
-5.13131
-5.12791
-5.12448
-5.12295
-5.12142
-5.11991
-5.1176
-5.1137
-5.11082
-5.10408
-5.0966
-5.09064
-5.0845
-5.07926
-5.0775
-5.07841
-5.0788
-5.07824
-5.07632
-5.07297
-5.07344
-5.07817
-5.0854
-5.09593
-5.10574
-5.11386
-5.11929
-5.12348
-5.1259
-5.12616
-5.12771
-5.13193
-5.13942
-5.14864
-5.15917
-5.16965
-5.1796
-5.18456
-5.18615
-5.18142
-5.17125
-5.15717
-5.13946
-5.12068
-5.10217
-5.08733
-5.07732
-5.07219
-5.07204
-5.07558
-5.08247
-5.09055
-5.09725
-5.10081
-5.10111
-5.09996
-5.09832
-5.09714
-5.09919
-5.10361
-5.10797
-5.1116
-5.11124
-5.10429
-5.08893
-5.06723
-5.04361
-5.02536
-5.01694
-5.01984
-5.03347
-5.05408
-5.07906
-5.10718
-5.13687
-5.16714
-5.19719
-5.22482
-6.36201
-6.35371
-6.33932
-6.3166
-6.28301
-6.23715
-6.17985
-6.10701
-6.01673
-5.90864
-5.78047
-5.63582
-5.4839
-5.33471
-5.20008
-5.09127
-5.01504
-4.97185
-4.9582
-4.96716
-4.9926
-5.02498
-5.05892
-5.09115
-5.11708
-5.13555
-5.14747
-5.15306
-5.15687
-5.15891
-5.15991
-5.16122
-5.16148
-5.15817
-5.14965
-5.13435
-5.11114
-5.08259
-5.05203
-5.02235
-4.99833
-4.97951
-4.96711
-4.96083
-4.95968
-4.96245
-4.97113
-4.98498
-5.00175
-5.01945
-5.03584
-5.04748
-5.05408
-5.05379
-5.04828
-5.03649
-5.02316
-5.01044
-5.00168
-4.9966
-4.99578
-4.99854
-5.00248
-5.00881
-5.01625
-5.02401
-5.02994
-5.0334
-5.03476
-5.0335
-5.03047
-5.02966
-5.03262
-5.03963
-5.0505
-5.06222
-5.07219
-5.07846
-5.08344
-5.08676
-5.08847
-5.08826
-5.09026
-5.08854
-5.08466
-5.08046
-5.07526
-5.07181
-5.07232
-5.07333
-5.0769
-5.08077
-5.08579
-5.0903
-5.09347
-5.09311
-5.09037
-5.08335
-5.07369
-5.05929
-5.04277
-5.02257
-4.99987
-4.97675
-4.95285
-4.93125
-4.91457
-4.90523
-4.90557
-4.91643
-4.93537
-4.96107
-4.99012
-5.01731
-5.0384
-5.05399
-5.06251
-5.06448
-5.05934
-5.05056
-5.04136
-5.03116
-5.02459
-5.01894
-5.0144
-5.0099
-5.00525
-5.00219
-5.00167
-5.0066
-5.01789
-5.03371
-5.05168
-5.07276
-5.09503
-5.11624
-5.13229
-5.14432
-5.15055
-5.15266
-5.15106
-5.14967
-5.1507
-5.15202
-5.15288
-5.15082
-5.14491
-5.13568
-5.12618
-5.11833
-5.1158
-5.11692
-5.12195
-5.12684
-5.12768
-5.12453
-5.11372
-5.09756
-5.07632
-5.05545
-5.03953
-5.03247
-5.03769
-5.05173
-5.06564
-5.0755
-5.07957
-5.08136
-5.08445
-5.09011
-5.0999
-5.11086
-5.12289
-5.13549
-5.14692
-5.15856
-5.16963
-5.18069
-5.1868
-5.18684
-5.1758
-5.1586
-5.13658
-5.11479
-5.09907
-5.09509
-5.10066
-5.11286
-5.12585
-5.1388
-5.14731
-5.15325
-5.15697
-5.15591
-5.1499
-5.139
-5.12229
-5.09933
-5.07266
-5.04478
-5.01586
-4.98843
-4.96398
-4.94607
-4.93422
-4.93176
-4.93686
-4.94889
-4.96784
-4.99359
-5.02656
-5.06204
-5.09933
-5.13528
-5.16629
-5.19231
-5.21022
-5.21894
-5.22095
-5.21547
-5.20527
-5.19067
-5.17374
-5.15687
-5.13796
-5.12041
-5.10395
-5.09064
-5.08145
-5.07666
-5.07824
-5.08451
-5.09678
-5.11363
-5.132
-5.1514
-5.16853
-5.18062
-5.18807
-5.18935
-5.18525
-5.17742
-5.16554
-5.15302
-5.1418
-5.13745
-5.13914
-5.14725
-5.16236
-5.17867
-5.19686
-5.21114
-5.22082
-5.22695
-5.22522
-5.21573
-5.19875
-5.18001
-5.16186
-5.14346
-5.12639
-5.10842
-5.09064
-5.07276
-5.05577
-5.04152
-5.03012
-5.02256
-5.01871
-5.01849
-5.02094
-5.02493
-5.02731
-5.0274
-5.02305
-5.01369
-5.00027
-4.98357
-4.96803
-4.95646
-4.95387
-4.96318
-4.98414
-5.01383
-5.04765
-5.07866
-5.10291
-5.11509
-5.11373
-5.1045
-5.08914
-5.07267
-5.05803
-5.05188
-5.05287
-5.06329
-5.0788
-5.0938
-5.10784
-5.11926
-5.12628
-5.12838
-5.12553
-5.11707
-5.10508
-5.09069
-5.07634
-5.06332
-5.05013
-5.03877
-5.02898
-5.02505
-5.0303
-5.04661
-5.06992
-5.09664
-5.12051
-5.13681
-5.14364
-5.1397
-5.1279
-5.1098
-5.09144
-5.0755
-5.06647
-5.06548
-5.07127
-5.08131
-5.09081
-5.09674
-5.09531
-5.08436
-5.06564
-5.04171
-5.01472
-4.98999
-4.97138
-4.96051
-4.95806
-4.96438
-4.9765
-4.9946
-5.01597
-5.03801
-5.05556
-5.06793
-5.07011
-5.06514
-5.05329
-5.04012
-5.03007
-5.0279
-5.03381
-5.04445
-5.05577
-5.0623
-5.0665
-5.06951
-5.07201
-5.07697
-5.08527
-5.09514
-5.1059
-5.11437
-5.12134
-5.12658
-5.12843
-5.12982
-5.12887
-5.12707
-5.12559
-5.12381
-5.12464
-5.12721
-5.13056
-5.13444
-5.13713
-5.13785
-5.13742
-5.13519
-5.13131
-5.12791
-5.12448
-5.12295
-5.12142
-5.11991
-5.1176
-5.1137
-5.11082
-5.10408
-5.0966
-5.09064
-5.0845
-5.07926
-5.0775
-5.07841
-5.0788
-5.07824
-5.07632
-5.07297
-5.07344
-5.07817
-5.0854
-5.09593
-5.10574
-5.11386
-5.11929
-5.12348
-5.1259
-5.12616
-5.12771
-5.13193
-5.13942
-5.14864
-5.15917
-5.16965
-5.1796
-5.18456
-5.18615
-5.18142
-5.17125
-5.15717
-5.13946
-5.12068
-5.10217
-5.08733
-5.07732
-5.07219
-5.07204
-5.07558
-5.08247
-5.09055
-5.09725
-5.10081
-5.10111
-5.09996
-5.09832
-5.09714
-5.09919
-5.10361
-5.10797
-5.1116
-5.11124
-5.10429
-5.08893
-5.06723
-5.04361
-5.02536
-5.01694
-5.01984
-5.03347
-5.05408
-5.07906
-5.10718
-5.13687
-5.16714
-5.19719
-5.22482
-5.24848
-5.26604
-5.27617
-5.27967
-5.27682
-5.26649
-5.24971
-5.22605
-5.19651
-5.1636
-5.13091
-5.09978
-5.07429
-5.05633
-5.04631
-5.04156
-5.04227
-5.04812
-5.05919
-5.07687
-5.1018
-5.12612
-5.14932
-5.16435
-5.16725
-5.16105
-5.14754
-5.13541
-5.13217
-5.13964
-5.15512
-5.17418
-5.19231
-5.20425
-5.20669
-5.19939
-5.18478
-5.16543
-5.14417
-5.12378
-5.10754
-5.09938
-5.09837
-5.10409
-5.11288
-5.12383
-5.13151
-5.13517
-5.13465
-5.12859
-5.11717
-5.09961
-5.07825
-5.05297
-5.03162
-5.01775
-5.0161
-5.0289
-5.05239
-5.08177
-5.11698
-5.15021
-5.18153
-5.2075
-5.22896
-5.24641
-5.26163
-5.27429
-5.28506
-5.2913
-5.28983
-5.28093
-5.26364
-5.24069
-5.21205
-5.17979
-5.14444
-5.10961
-5.07825
-5.05148
-5.03113
-5.01805
-5.0131
-5.01458
-5.01872
-5.02502
-5.0313
-5.0394
-5.05062
-5.06417
-5.081
-5.09505
-5.1067
-5.11238
-5.10965
-5.0997
-5.08306
-5.0623
-5.04033
-5.0223
-5.00644
-4.99269
-4.98046
-4.96821
-4.95794
-4.95276
-4.95516
-4.96775
-4.98851
-5.0144
-5.04409
-5.07319
-5.09802
-5.11561
-5.12595
-5.1276
-5.12089
-5.10865
-5.09356
-5.07992
-5.07023
-5.06556
-5.06292
-5.06014
-5.05712
-5.05037
-5.04008
-5.02675
-5.01104
-4.99352
-4.97354
-4.95533
-4.94039
-4.93363
-4.93906
-4.95502
-4.97674
-4.99954
-5.01957
-5.03736
-5.0511
-5.06336
-5.07612
-5.08986
-5.10341
-5.11446
-5.12309
-5.12685
-5.12641
-5.12522
-5.12169
-5.11611
-5.11002
-5.10309
-5.09615
-5.08541
-5.07377
-5.0614
-5.04983
-5.04266
-5.04132
-5.04736
-5.05949
-5.07597
-5.09048
-5.10164
-5.10509
-5.0981
-5.0781
-5.0491
-5.01346
-4.9784
-4.95063
-4.93216
-4.9223
-4.91921
-4.92169
-4.92777
-4.93765
-4.9521
-4.9705
-4.9933
-5.01921
-5.04674
-5.07263
-5.0968
-5.1164
-5.12962
-5.13392
-5.12895
-5.11355
-5.09041
-5.06295
-5.03819
-5.02225
-5.01929
-5.02937
-5.05036
-5.07955
-5.11201
-5.14457
-5.16988
-5.18705
-5.19348
-5.18996
-5.17816
-5.15944
-5.13828
-5.12045
-5.10951
-5.10592
-5.11041
-5.11938
-5.12858
-5.13816
-5.1424
-5.14534
-5.14863
-5.15404
-5.15912
-5.16043
-5.15632
-5.14387
-5.12249
-5.09524
-5.06601
-5.04178
-5.02502
-5.02005
-5.0259
-5.04102
-5.06191
-5.08483
-5.10373
-5.11886
-5.12513
-5.12328
-5.11469
-5.10042
-5.08369
-5.06988
-5.06214
-5.06226
-5.06993
-5.08598
-5.10753
-5.12984
-5.15146
-5.16902
-5.182
-5.18696
-5.18435
-5.17275
-5.15342
-5.1286
-5.09854
-5.0667
-5.03498
-5.00587
-4.98083
-4.96468
-4.95651
-4.9564
-4.95969
-4.9662
-4.97231
-4.97781
-4.9832
-4.98946
-4.99792
-5.01115
-5.02242
-5.03252
-5.03874
-5.0427
-5.05193
-5.06622
-5.08741
-5.11209
-5.13478
-5.15004
-5.15404
-5.14626
-5.12676
-5.09843
-5.06679
-5.03932
-5.02216
-5.02119
-5.03526
-5.06021
-5.09037
-5.12212
-5.15165
-5.1749
-5.1929
-5.20647
-5.21546
-5.22198
-5.22656
-5.22889
-5.22575
-5.21664
-5.19951
-5.17418
-5.14175
-5.10189
-5.05657
-5.00883
-4.96533
-4.93175
-4.90807
-4.89815
-4.89817
-4.90359
-4.91068
-4.91956
-4.92795
-4.93758
-4.95009
-4.96712
-4.9902
-5.01933
-5.05289
-5.08909
-5.12292
-5.15251
-5.17482
-5.18793
-5.19218
-5.18927
-5.17824
-5.15931
-5.13625
-5.1107
-5.08724
-5.06615
-5.04974
-5.03502
-5.02142
-5.00793
-4.99505
-4.98731
-4.98201
-4.98103
-4.98405
-4.9899
-4.99618
-5.00109
-5.0051
-5.00565
-5.00458
-5.00353
-5.00793
-5.01934
-5.03791
-5.06133
-5.08618
-5.10847
-5.12539
-5.13762
-5.14684
-5.15257
-5.15666
-5.15836
-5.15874
-5.15966
-5.15968
-5.16027
-5.16287
-5.16612
-5.17041
-5.17416
-5.17673
-5.17718
-5.17584
-5.17349
-5.16936
-5.16678
-5.16601
-5.16776
-5.17077
-5.17474
-5.17844
-5.18191
-5.18251
-5.17882
-5.17042
-5.1561
-5.13844
-5.11936
-5.10047
-5.08164
-5.06468
-5.04695
-5.02725
-5.01071
-5.00268
-5.00852
-5.02508
-5.04798
-5.06966
-5.08961
-5.10551
-5.11926
-5.13078
-5.1387
-5.1413
-5.141
-5.13611
-5.12608
-5.11242
-5.09396
-5.07205
-5.04873
-5.0277
-5.01284
-5.00787
-5.01216
-5.0237
-5.03597
-5.04489
-5.0454
-5.03802
-5.0246
-5.00593
-4.98802
-4.9742
-4.96505
-4.96168
-4.964
-4.9755
-4.99617
-5.02517
-5.06004
-5.09845
-5.1362
-5.16911
-5.19599
-5.21405
-5.22294
-5.22607
-5.22188
-5.20957
-5.19166
-5.16727
-5.13688
-5.10297
-5.07057
-5.04139
-5.01873
-5.00103
-4.99066
-4.98728
-4.99138
-4.99868
-5.00977
-5.0205
-5.03331
-5.04481
-5.05664
-5.06803
-5.07896
-5.09032
-5.10135
-5.11228
-5.12095
-5.12707
-5.12716
-5.12141
-5.11129
-5.10122
-5.09568
-5.09834
-5.10805
-5.12258
-5.13769
-5.14603
-5.14614
-5.13724
-5.12228
-5.10431
-5.0846
-5.06466
-5.04727
-5.03713
-5.03757
-5.04927
-5.07167
-5.10219
-5.13089
-5.15174
-5.16415
-5.16564
-5.15702
-5.13849
-5.11444
-5.08615
-5.05343
-5.01896
-4.98345
-4.94783
-4.91865
-4.89578
-4.88022
-4.87199
-4.87157
-4.87619
-4.88756
-4.90204
-4.91978
-4.9367
-4.95327
-4.96753
-4.9827
-4.99837
-5.01467
-5.02899
-5.04372
-5.05668
-5.07018
-5.08217
-5.08939
-5.09007
-5.0828
-5.06622
-5.04421
-5.02172
-5.00631
-5.00162
-5.00771
-5.02267
-5.04102
-5.05722
-5.06952
-5.07803
-5.08583
-6.36201
-6.35371
-6.33932
-6.3166
-6.28301
-6.23715
-6.17985
-6.10701
-6.01673
-5.90864
-6.36201
-6.35371
-6.33932
-6.3166
-6.28301
-6.23715
-6.17985
-6.10701
-6.36201
-6.35371
-6.33932
-6.3166
-6.28301
-6.23715
-6.17985
-6.36201
-6.35371
-6.33932
-6.3166
-6.28301
-6.23715
-6.36201
-6.35371
-6.33932
-6.3166
-6.28301
-6.23715
-6.17985
-6.10701
-6.01673
-5.90864
-5.78047
-5.63582
-5.4839
-5.33471
-5.20008
-5.09127
-5.01504
-4.97185
-4.9582
-4.96716
-4.9926
-5.02498
-5.05892
-5.09115
-5.11708
-5.13555
-5.14747
-5.15306
-5.15687
-5.15891
-5.15991
-5.16122
-5.16148
-5.15817
-5.14965
-5.13435
-5.11114
-5.08259
-5.05203
-5.02235
-4.99833
-4.97951
-4.96711
-4.96083
-4.95968
-4.96245
-4.97113
-4.98498
-5.00175
-5.01945
-5.03584
-5.04748
-5.05408
-5.05379
-5.04828
-5.03649
-5.02316
-5.01044
-5.00168
-4.9966
-4.99578
-4.99854
-5.00248
-5.00881
-5.01625
-5.02401
-5.02994
-5.0334
-5.03476
-5.0335
-5.03047
-5.02966
-5.03262
-5.03963
-5.0505
-5.06222
-5.07219
-5.07846
-5.08344
-5.08676
-5.08847
-5.08826
-5.09026
-5.08854
-5.08466
-5.08046
-5.07526
-5.07181
-5.07232
-5.07333
-5.0769
-6.36201
-6.35371
-6.33932
-6.3166
-6.28301
-6.23715
-6.17985
-6.10701
-6.01673
-5.90864
-5.78047
-5.63582
-6.36201
-6.35371
-6.33932
-6.3166
-6.28301
-6.23715
-6.17985
-6.10701
-6.01673
-5.90864
-5.78047
-5.63582
-5.4839
-5.33471
-5.20008
