-3.51423
-3.51366
-3.51301
-3.51103
-3.50662
-3.50032
-3.49541
-3.49054
-3.48635
-3.48418
-3.4817
-3.47944
-3.47961
-3.48145
-3.48423
-3.48795
-3.49236
-3.49649
-3.50009
-3.50252
-3.50511
-3.50564
-3.50515
-3.50531
-3.50479
-3.50391
-3.50343
-3.50209
-3.50232
-3.50212
-3.50106
-3.50054
-3.50031
-3.49973
-3.49924
-3.49895
-3.49811
-3.49782
-3.49822
-3.49825
-3.49942
-3.49974
-3.50046
-3.50188
-3.50331
-3.50326
-3.50351
-3.50381
-3.50344
-3.50281
-3.50237
-3.50111
-3.50048
-3.49951
-3.49969
-3.49856
-3.49833
-3.49809
-3.49878
-3.49904
-3.49969
-3.50073
-3.50036
-3.50024
-3.49973
-3.49923
-3.49812
-3.49719
-3.49748
-3.49776
-3.49693
-3.49647
-3.49613
-3.49575
-3.49625
-3.49667
-3.4966
-3.49554
-3.49604
-3.49683
-3.49666
-3.49468
-3.49559
-3.49475
-3.49422
-3.49504
-3.49483
-3.49489
-3.49664
-3.49655
-3.49703
-3.49638
-3.49623
-3.49598
-3.49592
-3.49487
-3.49467
-3.49384
-3.49408
-3.49314
-3.49329
-3.49258
-3.49176
-3.49226
-3.49233
-3.49282
-3.49345
-3.49401
-3.49512
-3.497
-3.49782
-3.49847
-3.49931
-3.49931
-3.49767
-3.4971
-3.49681
-3.49706
-3.49611
-3.49553
-3.49624
-3.49547
-3.49657
-3.49685
-3.49748
-3.49821
-3.4986
-3.51423
-3.51366
-3.51301
-3.51103
-3.50662
-3.50032
-3.49541
-3.49054
-3.48635
-3.48418
-3.4817
-3.47944
-3.47961
-3.48145
-3.48423
-3.48795
-3.49236
-3.49649
-3.50009
-3.50252
-3.50511
-3.50564
-3.50515
-3.50531
-3.50479
-3.50391
-3.50343
-3.50209
-3.50232
-3.50212
-3.50106
-3.50054
-3.50031
-3.49973
-3.49924
-3.49895
-3.49811
-3.49782
-3.49822
-3.49825
-3.49942
-3.49974
-3.50046
-3.50188
-3.50331
-3.50326
-3.50351
-3.50381
-3.50344
-3.50281
-3.50237
-3.50111
-3.50048
-3.49951
-3.49969
-3.49856
-3.49833
-3.49809
-3.49878
-3.49904
-3.49969
-3.50073
-3.50036
-3.50024
-3.49973
-3.49923
-3.49812
-3.49719
-3.49748
-3.49776
-3.49693
-3.49647
-3.49613
-3.49575
-3.49625
-3.49667
-3.4966
-3.49554
-3.49604
-3.49683
-3.49666
-3.49468
-3.49559
-3.49475
-3.49422
-3.49504
-3.49483
-3.49489
-3.49664
-3.49655
-3.49703
-3.49638
-3.49623
-3.49598
-3.49592
-3.49487
-3.49467
-3.49384
-3.49408
-3.49314
-3.49329
-3.49258
-3.49176
-3.49226
-3.49233
-3.49282
-3.49345
-3.49401
-3.49512
-3.497
-3.49782
-3.49847
-3.49931
-3.49931
-3.49767
-3.4971
-3.49681
-3.49706
-3.49611
-3.49553
-3.49624
-3.49547
-3.49657
-3.49685
-3.49748
-3.49821
-3.4986
-3.49888
-3.49812
-3.49788
-3.49883
-3.4997
-3.49909
-3.49924
-3.49982
-3.50051
-3.49918
-3.49877
-3.49835
-3.49898
-3.49898
-3.4994
-3.50038
-3.49986
-3.4991
-3.49812
-3.4974
-3.49699
-3.4975
-3.49744
-3.49796
-3.4973
-3.49786
-3.49871
-3.49872
-3.49982
-3.49908
-3.49857
-3.49722
-3.49749
-3.49895
-3.49982
-3.50094
-3.5022
-3.50169
-3.50114
-3.5001
-3.4997
-3.49993
-3.49968
-3.50013
-3.49938
-3.49879
-3.49916
-3.49924
-3.49999
-3.5
-3.50058
-3.49946
-3.49894
-3.49621
-3.49592
-3.49626
-3.49664
-3.49665
-3.49804
-3.49889
-3.50002
-3.50014
-3.50158
-3.50115
-3.50088
-3.50118
-3.50017
-3.49887
-3.49855
-3.4987
-3.49808
-3.49751
-3.49757
-3.49699
-3.49714
-3.49782
-3.49998
-3.50068
-3.50214
-3.50292
-3.50317
-3.5034
-3.50374
-3.50533
-3.50504
-3.50462
-3.5039
-3.50216
-3.50173
-3.50105
-3.49961
-3.49947
-3.49871
-3.49856
-3.49781
-3.49717
-3.49799
-3.49724
-3.49735
-3.49696
-3.497
-3.49728
-3.4972
-3.49807
-3.49788
-3.49823
-3.49874
-3.49813
-3.49819
-3.49801
-3.49691
-3.49663
-3.49605
-3.49555
-3.49578
-3.49497
-3.49467
-3.49436
-3.49661
-3.49811
-3.49864
-3.50043
-3.50043
-3.50187
-3.501
-3.49904
-3.49899
-3.49822
-3.49734
-3.49533
-3.49514
-3.49624
-3.49633
-3.49711
-3.49708
-3.49752
-3.4976
-3.49733
-3.49759
-3.49777
-3.49829
-3.49868
-3.49889
-3.49867
-3.49842
-3.49704
-3.49606
-3.4951
-3.49442
-3.49447
-3.49419
-3.49474
-3.49481
-3.49526
-3.49616
-3.49695
-3.49731
-3.4977
-3.49719
-3.49716
-3.49569
-3.49243
-3.49182
-3.49239
-3.49439
-3.4954
-3.49764
-3.4978
-3.49922
-3.50073
-3.50026
-3.50004
-3.5
-3.49941
-3.4986
-3.4982
-3.49755
-3.49767
-3.49771
-3.49807
-3.49892
-3.49883
-3.49985
-3.50036
-3.50141
-3.5026
-3.50422
-3.50424
-3.50412
-3.50345
-3.50225
-3.50136
-3.50007
-3.49991
-3.49939
-3.50024
-3.50047
-3.50082
-3.50088
-3.50054
-3.50056
-3.5003
-3.50062
-3.50057
-3.49942
-3.49855
-3.4983
-3.49724
-3.4967
-3.4972
-3.49815
-3.49929
-3.50098
-3.50105
-3.50122
-3.50112
-3.50127
-3.50003
-3.49986
-3.49792
-3.49743
-3.49654
-3.49633
-3.49588
-3.49595
-3.4963
-3.49668
-3.49741
-3.49615
-3.49601
-3.49669
-3.49654
-3.49666
-3.49737
-3.49764
-3.49835
-3.49787
-3.49794
-3.49863
-3.49799
-3.49859
-3.49818
-3.49782
-3.49799
-3.4972
-3.49753
-3.49784
-3.49762
-3.4976
-3.49716
-3.49637
-3.49633
-3.4962
-3.49552
-3.4958
-3.49599
-3.49756
-3.49839
-3.49859
-3.49781
-3.49605
-3.49664
-3.4951
-3.49438
-3.49589
-3.49662
-3.49641
-3.49712
-3.49833
-3.4983
-3.49829
-3.49848
-3.49752
-3.49817
-3.49905
-3.4986
-3.49943
-3.49963
-3.49972
-3.49947
-3.50045
-3.50153
-3.5011
-3.50098
-3.50112
-3.50143
-3.50074
-3.49989
-3.49918
-3.49981
-3.4988
-3.49891
-3.49792
-3.4968
-3.49654
-3.49613
-3.49624
-3.49597
-3.49665
-3.49775
-3.49845
-3.4988
-3.49841
-3.49858
-3.49916
-3.49942
-3.49885
-3.49769
-3.49723
-3.49722
-3.49706
-3.49821
-3.49933
-3.49879
-3.49812
-3.49712
-3.49619
-3.49495
-3.49416
-3.4938
-3.49484
-3.49627
-3.49741
-3.4989
-3.49981
-3.50005
-3.50016
-3.49984
-3.49938
-3.49951
-3.49977
-3.51423
-3.51366
-3.51301
-3.51103
-3.50662
-3.50032
-3.49541
-3.49054
-3.48635
-3.48418
-3.4817
-3.47944
-3.47961
-3.48145
-3.48423
-3.48795
-3.49236
-3.49649
-3.50009
-3.50252
-3.50511
-3.50564
-3.50515
-3.50531
-3.50479
-3.50391
-3.50343
-3.50209
-3.50232
-3.50212
-3.50106
-3.50054
-3.50031
-3.49973
-3.49924
-3.49895
-3.49811
-3.49782
-3.49822
-3.49825
-3.49942
-3.49974
-3.50046
-3.50188
-3.50331
-3.50326
-3.50351
-3.50381
-3.50344
-3.50281
-3.50237
-3.50111
-3.50048
-3.49951
-3.49969
-3.49856
-3.49833
-3.49809
-3.49878
-3.49904
-3.49969
-3.50073
-3.50036
-3.50024
-3.49973
-3.49923
-3.49812
-3.49719
-3.49748
-3.49776
-3.49693
-3.49647
-3.49613
-3.49575
-3.49625
-3.49667
-3.4966
-3.49554
-3.49604
-3.49683
-3.49666
-3.49468
-3.49559
-3.49475
-3.49422
-3.49504
-3.49483
-3.49489
-3.49664
-3.49655
-3.49703
-3.49638
-3.49623
-3.49598
-3.49592
-3.49487
-3.49467
-3.49384
-3.49408
-3.49314
-3.49329
-3.49258
-3.49176
-3.49226
-3.49233
-3.49282
-3.49345
-3.49401
-3.49512
-3.497
-3.49782
-3.49847
-3.49931
-3.49931
-3.49767
-3.4971
-3.49681
-3.49706
-3.49611
-3.49553
-3.49624
-3.49547
-3.49657
-3.49685
-3.49748
-3.49821
-3.4986
-3.49888
-3.49812
-3.49788
-3.49883
-3.4997
-3.49909
-3.49924
-3.49982
-3.50051
-3.49918
-3.49877
-3.49835
-3.49898
-3.49898
-3.4994
-3.50038
-3.49986
-3.4991
-3.49812
-3.4974
-3.49699
-3.4975
-3.49744
-3.49796
-3.4973
-3.49786
-3.49871
-3.49872
-3.49982
-3.49908
-3.49857
-3.49722
-3.49749
-3.49895
-3.49982
-3.50094
-3.5022
-3.50169
-3.50114
-3.5001
-3.4997
-3.49993
-3.49968
-3.50013
-3.49938
-3.49879
-3.49916
-3.49924
-3.49999
-3.5
-3.50058
-3.49946
-3.49894
-3.49621
-3.49592
-3.49626
-3.49664
-3.49665
-3.49804
-3.49889
-3.50002
-3.50014
-3.50158
-3.50115
-3.50088
-3.50118
-3.50017
-3.49887
-3.49855
-3.4987
-3.49808
-3.49751
-3.49757
-3.49699
-3.49714
-3.49782
-3.49998
-3.50068
-3.50214
-3.50292
-3.50317
-3.5034
-3.50374
-3.50533
-3.50504
-3.50462
-3.5039
-3.50216
-3.50173
-3.50105
-3.49961
-3.49947
-3.49871
-3.49856
-3.49781
-3.49717
-3.49799
-3.49724
-3.49735
-3.49696
-3.497
-3.49728
-3.4972
-3.49807
-3.49788
-3.49823
-3.49874
-3.49813
-3.49819
-3.49801
-3.49691
-3.49663
-3.49605
-3.49555
-3.49578
-3.49497
-3.49467
-3.49436
-3.49661
-3.49811
-3.49864
-3.50043
-3.50043
-3.50187
-3.501
-3.49904
-3.49899
-3.49822
-3.49734
-3.49533
-3.49514
-3.49624
-3.49633
-3.49711
-3.49708
-3.49752
-3.4976
-3.49733
-3.49759
-3.49777
-3.49829
-3.49868
-3.49889
-3.49867
-3.49842
-3.49704
-3.49606
-3.4951
-3.49442
-3.49447
-3.49419
-3.49474
-3.49481
-3.49526
-3.49616
-3.49695
-3.49731
-3.4977
-3.49719
-3.49716
-3.49569
-3.49243
-3.49182
-3.49239
-3.49439
-3.4954
-3.49764
-3.4978
-3.49922
-3.50073
-3.50026
-3.50004
-3.5
-3.49941
-3.4986
-3.4982
-3.49755
-3.49767
-3.49771
-3.49807
-3.49892
-3.49883
-3.49985
-3.50036
-3.50141
-3.5026
-3.50422
-3.50424
-3.50412
-3.50345
-3.50225
-3.50136
-3.50007
-3.49991
-3.49939
-3.50024
-3.50047
-3.50082
-3.50088
-3.50054
-3.50056
-3.5003
-3.50062
-3.50057
-3.49942
-3.49855
-3.4983
-3.49724
-3.4967
-3.4972
-3.49815
-3.49929
-3.50098
-3.50105
-3.50122
-3.50112
-3.50127
-3.50003
-3.49986
-3.49792
-3.49743
-3.49654
-3.49633
-3.49588
-3.49595
-3.4963
-3.49668
-3.49741
-3.49615
-3.49601
-3.49669
-3.49654
-3.49666
-3.49737
-3.49764
-3.49835
-3.49787
-3.49794
-3.49863
-3.49799
-3.49859
-3.49818
-3.49782
-3.49799
-3.4972
-3.49753
-3.49784
-3.49762
-3.4976
-3.49716
-3.49637
-3.49633
-3.4962
-3.49552
-3.4958
-3.49599
-3.49756
-3.49839
-3.49859
-3.49781
-3.49605
-3.49664
-3.4951
-3.49438
-3.49589
-3.49662
-3.49641
-3.49712
-3.49833
-3.4983
-3.49829
-3.49848
-3.49752
-3.49817
-3.49905
-3.4986
-3.49943
-3.49963
-3.49972
-3.49947
-3.50045
-3.50153
-3.5011
-3.50098
-3.50112
-3.50143
-3.50074
-3.49989
-3.49918
-3.49981
-3.4988
-3.49891
-3.49792
-3.4968
-3.49654
-3.49613
-3.49624
-3.49597
-3.49665
-3.49775
-3.49845
-3.4988
-3.49841
-3.49858
-3.49916
-3.49942
-3.49885
-3.49769
-3.49723
-3.49722
-3.49706
-3.49821
-3.49933
-3.49879
-3.49812
-3.49712
-3.49619
-3.49495
-3.49416
-3.4938
-3.49484
-3.49627
-3.49741
-3.4989
-3.49981
-3.50005
-3.50016
-3.49984
-3.49938
-3.49951
-3.49977
-3.50018
-3.4999
-3.49835
-3.49676
-3.49575
-3.49442
-3.49387
-3.49323
-3.49245
-3.49206
-3.49289
-3.493
-3.49337
-3.49398
-3.49525
-3.49578
-3.49685
-3.49814
-3.49879
-3.49944
-3.50155
-3.50036
-3.50029
-3.4996
-3.49795
-3.4985
-3.49852
-3.49891
-3.5001
-3.50127
-3.50176
-3.50173
-3.50195
-3.50178
-3.50083
-3.49962
-3.49936
-3.50003
-3.50106
-3.50155
-3.50142
-3.50233
-3.50276
-3.50344
-3.50322
-3.50421
-3.50376
-3.50302
-3.50269
-3.50173
-3.50072
-3.49925
-3.49914
-3.49774
-3.49824
-3.49867
-3.49952
-3.50169
-3.50299
-3.50193
-3.50257
-3.50117
-3.50104
-3.50038
-3.50009
-3.49962
-3.49955
-3.49903
-3.49929
-3.49922
-3.49748
-3.49577
-3.49376
-3.49367
-3.49407
-3.49498
-3.49476
-3.49475
-3.49573
-3.49661
-3.49735
-3.49767
-3.49866
-3.50006
-3.50019
-3.50034
-3.49924
-3.49865
-3.49906
-3.49903
-3.50007
-3.49825
-3.49715
-3.49626
-3.49497
-3.49465
-3.49441
-3.49404
-3.4931
-3.494
-3.49398
-3.4937
-3.49377
-3.49311
-3.49278
-3.4935
-3.49467
-3.4967
-3.49767
-3.49708
-3.49745
-3.4981
-3.49833
-3.49746
-3.49721
-3.49696
-3.4964
-3.49614
-3.49548
-3.49529
-3.49556
-3.49669
-3.49688
-3.49621
-3.49686
-3.49682
-3.49665
-3.49652
-3.49658
-3.497
-3.49634
-3.49699
-3.49714
-3.49754
-3.49914
-3.50051
-3.50063
-3.49996
-3.49857
-3.49853
-3.4974
-3.49614
-3.49542
-3.49542
-3.49575
-3.49549
-3.49589
-3.49507
-3.49354
-3.49406
-3.49421
-3.49352
-3.49313
-3.49286
-3.49405
-3.49339
-3.49369
-3.49402
-3.49384
-3.4942
-3.49442
-3.4951
-3.49576
-3.49701
-3.49607
-3.49548
-3.4947
-3.49387
-3.49166
-3.49094
-3.49001
-3.48989
-3.49118
-3.49246
-3.49313
-3.49354
-3.4947
-3.49568
-3.49655
-3.49749
-3.49751
-3.49758
-3.49778
-3.49853
-3.4985
-3.49923
-3.49935
-3.49881
-3.4973
-3.4964
-3.49542
-3.49522
-3.49482
-3.49521
-3.49643
-3.49851
-3.50027
-3.501
-3.50133
-3.50073
-3.50087
-3.49892
-3.49761
-3.49621
-3.49551
-3.49551
-3.49464
-3.49372
-3.49442
-3.49636
-3.49752
-3.49867
-3.49898
-3.49829
-3.50009
-3.4998
-3.50019
-3.50049
-3.50111
-3.50072
-3.49919
-3.49855
-3.49811
-3.49721
-3.49651
-3.49568
-3.49672
-3.4974
-3.49902
-3.50008
-3.501
-3.50182
-3.50284
-3.50185
-3.50226
-3.50114
-3.50018
-3.50011
-3.49988
-3.49928
-3.49968
-3.50055
-3.50127
-3.50089
-3.50138
-3.50219
-3.5015
-3.50083
-3.49945
-3.49909
-3.498
-3.4976
-3.49663
-3.49563
-3.4954
-3.49445
-3.4943
-3.4947
-3.49552
-3.49541
-3.49671
-3.4974
-3.4985
-3.49793
-3.49858
-3.4991
-3.49994
-3.50077
-3.50087
-3.50014
-3.50138
-3.5002
-3.5003
-3.50001
-3.49887
-3.50028
-3.50053
-3.50107
-3.50161
-3.50176
-3.50117
-3.4997
-3.49861
-3.49755
-3.4966
-3.49613
-3.49669
-3.49754
-3.50001
-3.50232
-3.50341
-3.50288
-3.50247
-3.5025
-3.50132
-3.50062
-3.50049
-3.49944
-3.49846
-3.4979
-3.49826
-3.49772
-3.49721
-3.49584
-3.49425
-3.49389
-3.49381
-3.49388
-3.49335
-3.49382
-3.4958
-3.49572
-3.49688
-3.49785
-3.49796
-3.49703
-3.49733
-3.49707
-3.4971
-3.49732
-3.49743
-3.49747
-3.49729
-3.49685
-3.49743
-3.49751
-3.49825
-3.49869
-3.498
-3.49686
-3.49682
-3.49639
-3.49488
-3.49434
-3.49381
-3.49477
-3.49514
-3.49653
-3.49688
-3.49709
-3.49698
-3.49655
-3.49871
-3.49918
-3.49919
-3.49907
-3.49924
-3.49894
-3.4979
-3.49781
-3.49693
-3.49677
-3.49693
-3.49915
-3.50134
-3.50239
-3.50244
-3.50262
-3.50297
-3.50249
-3.50179
-3.50164
-3.50065
-3.50015
-3.49908
-3.4982
-3.49888
-3.49904
-3.49928
-3.50033
-3.50062
-3.50097
-3.50076
-3.50045
-3.49992
-3.49986
-3.50063
-3.50034
-3.5008
-3.50104
-3.50141
-3.50111
-3.50071
-3.50004
-3.50031
-3.50014
-3.49941
-3.49861
-3.49679
-3.49571
-3.49558
-3.49608
-3.49587
-3.49693
-3.49761
-3.49676
-3.4968
-3.49771
-3.50024
-3.5015
-3.50242
-3.50149
-3.50146
-3.50057
-3.5003
-3.5006
-3.50067
-3.49948
-3.49979
-3.49996
-3.49937
-3.49954
-3.49914
-3.49885
-3.49898
-3.49995
-3.50136
-3.50318
-3.50382
-3.50415
-3.50313
-3.50224
-3.50019
-3.49877
-3.49863
-3.4975
-3.49752
-3.49857
-3.49927
-3.50002
-3.50011
-3.50171
-3.50355
-3.50468
-3.50448
-3.50403
-3.50331
-3.5021
-3.50204
-3.50163
-3.50039
-3.50077
-3.50042
-3.49854
-3.49798
-3.4978
-3.4972
-3.49616
-3.4965
-3.49694
-3.49874
-3.49912
-3.49971
-3.49996
-3.50127
-3.50116
-3.50224
-3.50172
-3.50267
-3.50207
-3.50189
-3.50169
-3.5015
-3.50195
-3.50196
-3.50192
-3.50079
-3.50035
-3.49914
-3.49825
-3.49779
-3.49841
-3.49953
-3.50087
-3.50083
-3.50059
-3.50132
-3.50072
-3.50027
-3.49948
-3.49941
-3.50035
-3.50121
-3.5015
-3.50164
-3.50292
-3.50484
-3.50577
-3.50622
-3.50834
-3.50861
-3.50674
-3.50584
-3.50476
-3.50382
-3.50156
-3.50039
-3.49996
-3.49901
-3.49924
-3.49982
-3.49919
-3.50083
-3.50191
-3.50226
-3.50235
-3.50385
-3.50471
-3.50676
-3.50701
-3.50761
-3.50707
-3.50739
-3.50643
-3.50647
-3.50664
-3.50751
-3.50698
-3.50753
-3.50661
-3.50654
-3.50643
-3.50544
-3.5045
-3.50407
-3.50272
-3.50177
-3.50126
-3.50256
-3.50421
-3.50471
-3.5049
-3.50467
-3.50371
-3.50324
-3.50309
-3.50385
-3.51423
-3.51366
-3.51301
-3.51103
-3.50662
-3.50032
-3.49541
-3.49054
-3.48635
-3.48418
-3.51423
-3.51366
-3.51301
-3.51103
-3.50662
-3.50032
-3.49541
-3.49054
-3.51423
-3.51366
-3.51301
-3.51103
-3.50662
-3.50032
-3.49541
-3.51423
-3.51366
-3.51301
-3.51103
-3.50662
-3.50032
-3.51423
-3.51366
-3.51301
-3.51103
-3.50662
-3.50032
-3.49541
-3.49054
-3.48635
-3.48418
-3.4817
-3.47944
-3.47961
-3.48145
-3.48423
-3.48795
-3.49236
-3.49649
-3.50009
-3.50252
-3.50511
-3.50564
-3.50515
-3.50531
-3.50479
-3.50391
-3.50343
-3.50209
-3.50232
-3.50212
-3.50106
-3.50054
-3.50031
-3.49973
-3.49924
-3.49895
-3.49811
-3.49782
-3.49822
-3.49825
-3.49942
-3.49974
-3.50046
-3.50188
-3.50331
-3.50326
-3.50351
-3.50381
-3.50344
-3.50281
-3.50237
-3.50111
-3.50048
-3.49951
-3.49969
-3.49856
-3.49833
-3.49809
-3.49878
-3.49904
-3.49969
-3.50073
-3.50036
-3.50024
-3.49973
-3.49923
-3.49812
-3.49719
-3.49748
-3.49776
-3.49693
-3.49647
-3.49613
-3.49575
-3.49625
-3.49667
-3.4966
-3.49554
-3.49604
-3.49683
-3.49666
-3.49468
-3.49559
-3.49475
-3.49422
-3.49504
-3.49483
-3.49489
-3.49664
-3.49655
-3.49703
-3.51423
-3.51366
-3.51301
-3.51103
-3.50662
-3.50032
-3.49541
-3.49054
-3.48635
-3.48418
-3.4817
-3.47944
-3.51423
-3.51366
-3.51301
-3.51103
-3.50662
-3.50032
-3.49541
-3.49054
-3.48635
-3.48418
-3.4817
-3.47944
-3.47961
-3.48145
-3.48423
