0.164579   0.211656   -0.0340944
0.0205475   -0.0587787   -0.377564
-0.123787   0.361972   0.496367
-0.207042   -0.455884   0.225303
0.321565   0.315935   -0.169595
0.17079   0.145071   -0.0866932
0.0607605   0.095186   0.168791
-0.0773641   0.0304374   0.434158
0.319576   -0.192039   -0.143535
0.173202   0.270133   0.297664
-0.200983   0.367508   -0.229981
-0.326553   0.430209   0.234702
-0.254501   0.366253   0.153322
-0.197945   -0.225015   0.048162
-0.179148   -0.252329   0.404385
0.458064   -0.38114   0.20978
-0.15004   -0.306313   -0.0104199
0.181114   0.367348   0.411697
0.238932   -0.400934   -0.0103411
-0.429665   0.325726   0.15887
-0.113749   0.334961   0.0852721
-0.346809   0.17294   0.360028
-0.295815   0.264162   -0.317518
-0.155731   -0.188797   -0.30632
0.373696   -0.289759   -0.383214
0.0523524   0.0311665   0.480913
-0.294988   0.446621   0.391725
-0.398231   -0.108899   -0.272062
-0.18752   0.353378   0.263797
-0.174489   0.0767585   0.123469
0.40751   -0.149623   -0.236194
0.162236   -0.177953   -0.323534
0.0908757   -0.438421   -0.375558
-0.12633   -0.243851   0.327014
0.292481   -0.328773   0.265052
-0.493571   -0.198835   -0.422507
0.156138   -0.3955   -0.0288678
-0.422595   -0.0633501   -0.445198
-0.100428   0.0527142   0.213124
-0.402272   -0.455404   -0.411787
0.164185   0.0125415   -0.214423
-0.154938   0.0942518   -0.396862
-0.0289159   0.229809   -0.136591
0.205976   0.257583   -0.0883262
0.157888   0.0479644   -0.0179297
-0.0979851   -0.0877562   0.081578
-0.403612   0.309632   -0.0972422
-0.489181   -0.430223   0.130572
-0.300058   -0.304658   -0.323436
-0.418389   0.337461   0.33263
-0.224278   -0.0114249   0.0688322
-0.0853393   0.334872   0.275235
0.390168   0.393593   0.177469
-0.183218   0.0921331   0.299029
0.0767213   -0.437192   0.219412
-0.152139   0.289994   -0.214269
0.137858   -0.227586   0.130902
0.269686   0.274681   0.340454
0.252525   -0.185109   -0.262577
-0.200809   -0.357278   -0.24803
-0.184017   0.438358   -0.132854
-0.281897   0.363458   -0.209223
-0.394752   0.383813   0.222701
0.0755379   0.460628   -0.0163801
0.166439   0.0813542   0.281524
-0.390392   -0.0462911   -0.372367
-0.349463   0.496009   -0.181421
-0.391559   -0.086313   0.0128958
0.177863   0.0305   0.441908
0.254054   0.193533   -0.485037
-0.137734   0.484735   0.456248
0.223746   0.326594   0.0376371
0.0558023   0.399615   0.0526185
0.389034   0.439056   0.0614091
0.138158   0.284448   -0.395928
0.405935   0.0400064   0.35963
0.123461   0.0189809   -0.452626
-0.132252   0.244775   -0.341579
0.200812   -0.103457   0.238181
0.138479   -0.30128   -0.34691
0.0994193   0.0493287   0.37473
0.123358   -0.303599   0.0386758
0.017054   -0.0622402   -0.153387
-0.419986   0.152216   0.0463768
0.49799   -0.32684   0.0321655
-0.185938   -0.0706154   0.477636
0.457297   0.479219   0.217978
-0.192242   0.207984   0.0632681
-0.188088   -0.259663   -0.303258
-0.372818   0.240547   -0.131191
0.360867   -0.381642   -0.497733
-0.384322   -0.391819   -0.0626207
-0.213646   0.141406   -0.166114
-0.151387   -0.0882508   -0.101495
-0.32209   -0.0417495   0.0979741
-0.460211   0.200441   0.161524
-0.0143137   -0.0163432   0.388133
-0.296859   0.0343579   0.326171
0.481302   -0.32063   0.273837
0.321918   0.372571   0.33781
0.465484   0.302958   -0.179928
0.367248   0.181653   0.377187
0.159649   -0.361439   0.314443
0.0759128   -0.313707   -0.0752045
0.110842   0.200175   -0.114485
-0.357466   0.270598   0.039459
-0.475808   -0.103625   -0.0833414
-0.492411   -0.280879   0.347172
