     0
     0
     0
     0
     0
     0
     0
     0
     0
     0
     0
     0
     0
     0
     0
     0
     0
0.00171375
0.038858
0.20324
0.383769
0.470207
0.398768
2.76973
0.319522
0.231593
0.171554
0.199854
0.166806
0.288897
0.161503
0.151759
0.564544
0.225756
0.297385
0.37264
0.311246
0.342359
0.356248
0.438951
0.478636
0.638236
0.731253
0.588081
3.72018
0.383709
0.43702
0.415361
0.643716
0.54347
0.404157
0.357787
0.377769
0.476194
0.725732
0.587351
0.455791
0.433567
0.369205
0.317182
0.322518
0.349588
0.25918
0.332721
0.331134
0.583179
0.177994
0.20826
0.905229
0.149604
0.0796824
0.203458
0.0613477
0.0492724
0.0467328
0.0367543
0.0307042
0.0207975
0.13883
0.0133584
0.00505033
0.00282159
0.00225724
0.00134823
0.000694333
0.000493975
3.88344e-05
     0
     0
     0
     0
     0
     0
     0
     0
     0
     0
     0
     0
     0
     0
     0
     0
     0
     0
     0
     0
     0
     0
     0
     0
     0
     0
     0
     0
     0
     0
0.00140893
0.039932
0.245682
0.381127
0.445485
0.37545
1.54888
0.365332
0.401595
0.216394
0.193376
1.70655
0.228691
1.19146
0.235804
0.398208
0.248628
0.275225
0.312282
0.302283
0.505033
0.342157
0.435852
0.465544
0.540381
0.595587
0.759213
2.06775
0.410392
0.504185
0.512367
0.614475
0.555619
0.42896
0.548536
0.435588
0.563342
0.734452
0.527472
0.433475
0.415735
0.399285
0.350312
1.83847
0.398013
0.288505
0.278195
0.28719
0.390906
0.171588
0.19394
0.511919
0.132859
0.0893605
0.146542
0.0762004
0.0478561
0.0537243
0.0435629
0.0368727
0.0228487
0.0770673
0.0121843
0.00659408
0.00383823
0.00340061
0.00109818
0.000506086
0.000298201
1.98221e-05
     0
     0
     0
     0
     0
     0
     0
     0
     0
     0
     0
     0
     0
     0
     0
     0
     0
     0
     0
     0
     0
     0
     0
     0
     0
     0
     0
     0
     0
     0
0.0012675
0.0837388
0.224338
0.417902
0.469852
0.384499
1.14518
0.329121
0.326929
0.207673
0.206982
1.18182
0.216759
0.84814
0.217101
0.386331
0.25784
0.251564
0.308552
0.308103
0.432032
0.342419
0.999922
0.498361
0.508018
0.584357
0.677154
1.58003
0.415965
0.55358
0.518706
0.696381
0.551138
0.415585
0.497733
0.443549
0.566485
0.648568
0.473342
0.412169
0.441323
0.405138
0.333187
1.37915
0.368362
0.264962
0.300351
0.252746
0.380843
0.190655
0.369262
0.376581
0.136231
0.090776
0.120739
0.0676417
0.0460804
0.0476865
0.0552925
0.0334978
0.022998
0.0594436
0.0108193
0.00705271
0.00593776
0.00346673
0.00123135
0.000505751
0.000268074
1.35859e-05
     0
     0
     0
     0
     0
     0
     0
     0
     0
     0
     0
     0
     0
     0
     0
     0
     0
     0
     0
     0
     0
     0
     0
     0
     0
     0
     0
     0
     0
     0
0.00110898
0.070888
0.266556
0.416067
0.449605
0.378666
1.12947
0.32563
0.302743
0.203798
0.210792
0.939182
0.230852
0.714612
0.20445
0.326253
0.300169
0.255438
0.331775
0.318698
0.67281
0.343581
0.876222
0.500103
0.551418
0.554917
0.629442
1.3181
0.472569
0.521473
0.567901
0.64797
0.567218
0.437453
0.485123
0.549683
0.537665
0.743703
0.444802
0.509026
0.458462
0.453965
0.361839
1.1173
0.358473
0.259025
0.283646
0.258454
0.524896
0.186039
0.324532
0.333621
0.153401
0.112375
0.108113
0.07039
0.0518372
0.0461578
0.0533018
0.0312386
0.0300222
0.0490218
0.0127825
0.00675137
0.00530492
0.00320646
0.00129549
0.000461354
0.000234739
1.2038e-05
     0
     0
     0
     0
     0
     0
     0
     0
     0
     0
     0
     0
     0
     0
     0
     0
     0
     0
     0
     0
     0
     0
     0
     0
     0
     0
     0
     0
     0
     0
0.00107625
0.0643043
0.426125
0.435003
0.42801
0.384046
0.973308
0.311706
0.285405
0.283927
0.205291
0.839337
0.220066
0.708669
0.200832
0.297589
0.286674
0.24885
0.356625
0.314559
0.636853
0.361518
0.803419
0.510256
1.02402
0.540011
0.593386
1.14085
0.474019
0.520284
0.572636
0.63339
0.546733
0.438268
0.514502
0.518125
1.98436
0.67154
0.497611
0.487129
0.493339
0.461511
0.398738
0.97849
0.356461
0.285206
0.279978
0.249062
0.452189
0.17701
0.412921
0.2963
0.14103
0.129642
0.10087
0.0724592
0.0514893
0.044094
0.0517351
0.0285683
0.0267441
0.0445318
0.0120369
0.00687315
0.00677343
0.00284538
0.00140314
0.000454428
0.00020559
9.81637e-06
     0
     0
     0
     0
     0
     0
     0
     0
     0
     0
     0
     0
     0
     0
     0
     0
     0
     0
     0
     0
     0
     0
     0
     0
     0
     0
     0
     0
     0
6.79093e-07
0.0014224
0.0615935
0.395073
0.436927
0.422697
0.388339
0.870046
0.305838
0.273528
0.265722
0.198403
0.726581
0.215422
0.618837
0.212707
0.280191
0.278466
0.25408
0.355386
0.371384
0.629226
0.386092
0.732948
0.499045
0.935845
11.5216
0.61268
1.03497
0.473846
0.759712
0.547651
0.59208
0.541233
0.663506
0.506868
0.502976
1.72979
0.629438
0.487744
0.484871
0.48051
0.44584
3.06685
0.86631
0.420495
0.30133
0.283631
0.27418
0.461274
0.178551
0.370132
0.268024
0.133765
0.121331
0.131657
0.0707207
0.050851
0.0447172
0.0496981
0.0284456
0.0275339
0.0395361
0.0156874
0.00704839
0.00639492
0.00281326
0.00171359
0.00622613
0.000201623
9.10869e-06
     0
     0
     0
     0
     0
     0
     0
     0
     0
     0
     0
     0
     0
     0
     0
     0
     0
     0
     0
     0
     0
     0
     0
     0
     0
     0
     0
     0
     0
5.8208e-07
0.00136824
0.0577921
0.389044
0.427721
0.427849
0.396834
0.785491
0.329828
0.262372
0.575996
0.195088
0.647022
0.218831
0.560183
0.205899
0.265832
0.272116
0.252336
0.340712
0.357347
0.717637
0.391146
0.688594
0.496007
0.894668
9.94925
0.592703
0.946009
0.467181
0.755978
0.548268
0.584696
0.604038
0.658776
0.487557
0.506745
1.54735
0.634941
0.473226
0.481808
0.526376
0.439954
2.68352
0.792079
0.413135
0.294635
0.289236
0.267565
0.493087
0.174337
0.340852
0.244835
0.131062
0.117776
0.124733
0.0689734
0.049433
0.0434744
0.0488451
0.0276381
0.0280977
0.0381728
0.0151294
0.0072968
0.00718312
0.00270251
0.00212601
0.00539668
0.000185872
8.03243e-06
     0
     0
     0
     0
     0
     0
     0
     0
     0
     0
     0
     0
     0
     0
     0
     0
     0
     0
     0
     0
     0
     0
     0
     0
     0
     0
     0
     0
     0
5.0932e-07
0.00129421
0.0541379
0.375158
0.433536
0.423512
0.391125
0.724744
0.323593
0.255289
0.53269
0.195496
0.613753
0.230326
0.587972
0.203063
0.259355
0.271825
0.254424
0.33383
0.353632
0.672363
0.414105
0.671778
0.494144
0.95297
8.75721
0.580876
0.896767
0.463102
0.729799
0.536595
0.697023
0.58872
0.630699
0.479208
0.507262
1.44402
0.601418
0.499022
0.468394
0.540817
0.446742
2.40882
0.727651
0.408869
0.291078
0.298504
0.260525
0.458552
0.18537
0.323758
0.231014
0.134683
0.129688
0.119991
0.0674756
0.0496978
0.0429294
0.0656454
0.0280766
0.0269285
0.034954
0.0145471
0.0072962
0.00681115
0.00303057
0.00236469
0.00479407
0.000179535
7.33473e-06
     0
     0
     0
     0
     0
     0
     0
     0
     0
     0
     0
     0
     0
     0
     0
     0
     0
     0
     0
     0
     0
     0
     0
     0
     0
     0
     0
     0
     0
4.52729e-07
0.00134237
0.0522131
0.367949
0.427737
0.416734
0.387314
0.691135
0.33539
0.280313
0.498089
0.199459
0.582733
0.256119
0.545185
0.196537
0.250217
0.263024
0.247678
0.330377
0.351539
0.639582
0.408151
0.649407
0.493295
0.892294
7.84427
0.582147
0.848171
0.474311
0.696346
0.531257
0.681088
0.572175
0.615678
0.502571
0.496396
1.33835
0.601942
0.48506
0.468255
0.532585
0.447162
2.18075
0.705881
0.407645
0.284106
0.299413
0.257092
0.426092
0.202707
0.304991
0.219318
0.14191
0.125399
0.123997
0.0684894
0.0488268
0.0417581
0.061567
0.0278579
0.0301758
0.0326568
0.0151004
0.00799315
0.00861861
0.00295625
0.0022239
0.00430901
0.000171066
7.59456e-06
     0
     0
     0
     0
     0
     0
     0
     0
     0
     0
     0
     0
     0
     0
     0
     0
     0
     0
     0
     0
     0
     0
     0
     0
     0
     0
     0
     0
     0
4.07456e-07
0.00129369
0.224149
0.34915
0.417338
0.420946
0.429379
0.652349
0.366592
0.287662
0.475389
0.205922
0.546867
0.247043
0.505479
0.193978
0.249482
0.266449
0.27093
0.330447
0.356248
0.625505
0.428351
0.835828
0.507225
0.851314
7.10898
0.66076
0.862836
0.477348
0.670294
0.61459
0.655811
0.568756
0.594619
0.506337
0.516311
1.2469
0.591389
0.476239
0.481119
0.517987
0.43978
1.99619
0.67531
0.438923
0.283318
0.301869
0.282614
0.401141
0.206755
0.294922
0.207016
0.153549
0.122115
0.118347
0.0686753
0.0483772
0.0403125
0.0584146
0.0275255
0.0292949
0.03115
0.0143688
0.00816279
0.00829088
0.0029395
0.00213948
0.00396049
0.000166465
8.27623e-06
     0
     0
     0
     0
     0
     0
     0
     0
     0
     0
     0
     0
     0
