0.0000000000E+00,	0.0000000000E+00
0.0000000000E+00,	0.0000000000E+00
0.0000000000E+00,	0.0000000000E+00
0.0000000000E+00,	0.0000000000E+00
0.0000000000E+00,	0.0000000000E+00
0.0000000000E+00,	0.0000000000E+00
0.0000000000E+00,	0.0000000000E+00
0.0000000000E+00,	0.0000000000E+00
0.0000000000E+00,	0.0000000000E+00
0.0000000000E+00,	0.0000000000E+00
0.0000000000E+00,	0.0000000000E+00
0.0000000000E+00,	0.0000000000E+00
0.0000000000E+00,	0.0000000000E+00
0.0000000000E+00,	0.0000000000E+00
0.0000000000E+00,	0.0000000000E+00
0.0000000000E+00,	0.0000000000E+00
2.6306780000E-07,	2.7172201914E-07
1.3296320000E-03,	1.6834197954E-04
7.4760670000E-02,	5.1399269899E-02
3.2423150000E-01,	7.6708060291E-02
4.1771270000E-01,	1.9007225095E-02
4.3748970000E-01,	1.9052418398E-02
3.9144200000E-01,	1.4389599355E-02
1.1290333000E+00,	6.0499558702E-01
3.3125520000E-01,	1.9208934004E-02
2.9074290000E-01,	4.4435731891E-02
3.4312320000E-01,	1.4980775617E-01
2.0106630000E-01,	5.5503687995E-03
7.9506510000E-01,	3.9547330895E-01
2.3530060000E-01,	2.1850349559E-02
6.4420400000E-01,	2.4962106054E-01
2.0221300000E-01,	2.0314995949E-02
3.2780020000E-01,	9.3962855764E-02
2.6709470000E-01,	1.9510761364E-02
2.6079100000E-01,	1.4952103986E-02
3.3726260000E-01,	1.8843853821E-02
3.3450390000E-01,	2.4360999694E-02
5.8734000000E-01,	1.1437386724E-01
3.7737680000E-01,	3.0761164841E-02
7.1329210000E-01,	1.7055142394E-01
4.9426160000E-01,	1.2532090857E-02
7.7891640000E-01,	1.8663411226E-01
4.8187435000E+00,	4.3602903697E+00
6.2764420000E-01,	5.4131694287E-02
1.4415663000E+00,	8.4283945356E-01
4.5124420000E-01,	3.2506740934E-02
6.1486710000E-01,	1.1362978164E-01
5.3653320000E-01,	4.9248232983E-02
6.4466300000E-01,	3.7787063344E-02
5.6391000000E-01,	1.9461457325E-02
5.2877010000E-01,	1.0590781304E-01
4.8862220000E-01,	4.7332422615E-02
4.8544040000E-01,	4.8310724358E-02
1.1434456000E+00,	5.3241991037E-01
6.5831230000E-01,	5.4933967618E-02
4.9518690000E-01,	3.6840502134E-02
4.6820370000E-01,	2.6747695553E-02
4.8407010000E-01,	4.2797168863E-02
4.3085820000E-01,	2.7996297062E-02
1.4097388000E+00,	1.0908862677E+00
9.4031590000E-01,	4.0144442882E-01
3.9199640000E-01,	2.9615062793E-02
2.8113450000E-01,	1.4162886699E-02
2.9475440000E-01,	1.5262042053E-02
2.7205620000E-01,	2.3019338951E-02
4.5721590000E-01,	6.0100309175E-02
1.8510060000E-01,	1.1260582429E-02
3.1435700000E-01,	6.5541158577E-02
3.5938570000E-01,	2.0172610687E-01
1.4080940000E-01,	8.1595927251E-03
1.1181449000E-01,	1.7417263167E-02
1.2984470000E-01,	2.7175970220E-02
6.9237340000E-02,	3.6226337116E-03
4.9372120000E-02,	1.6518732226E-03
4.5158700000E-02,	3.5695959987E-03
5.2481680000E-02,	8.0499996343E-03
3.0042530000E-02,	2.9314886287E-03
2.6544130000E-02,	3.0933587477E-03
5.4536420000E-02,	3.1095857116E-02
1.3601450000E-02,	1.5278086106E-03
7.0118970000E-03,	8.1005238666E-04
6.1974610000E-03,	1.7259717192E-03
2.9618510000E-03,	3.3344838606E-04
1.6944060000E-03,	4.5255932471E-04
2.7308332000E-03,	2.2795583623E-03
2.4051400000E-04,	9.3864708001E-05
1.3444341000E-05,	9.2023595850E-06
0.0000000000E+00,	0.0000000000E+00
0.0000000000E+00,	0.0000000000E+00
0.0000000000E+00,	0.0000000000E+00
0.0000000000E+00,	0.0000000000E+00
0.0000000000E+00,	0.0000000000E+00
0.0000000000E+00,	0.0000000000E+00
0.0000000000E+00,	0.0000000000E+00
0.0000000000E+00,	0.0000000000E+00
0.0000000000E+00,	0.0000000000E+00
0.0000000000E+00,	0.0000000000E+00
0.0000000000E+00,	0.0000000000E+00
0.0000000000E+00,	0.0000000000E+00
0.0000000000E+00,	0.0000000000E+00
