0.0000000000E+00,	0.0000000000E+00
0.0000000000E+00,	0.0000000000E+00
0.0000000000E+00,	0.0000000000E+00
0.0000000000E+00,	0.0000000000E+00
0.0000000000E+00,	0.0000000000E+00
0.0000000000E+00,	0.0000000000E+00
0.0000000000E+00,	0.0000000000E+00
0.0000000000E+00,	0.0000000000E+00
0.0000000000E+00,	0.0000000000E+00
0.0000000000E+00,	0.0000000000E+00
0.0000000000E+00,	0.0000000000E+00
0.0000000000E+00,	0.0000000000E+00
0.0000000000E+00,	0.0000000000E+00
0.0000000000E+00,	0.0000000000E+00
0.0000000000E+00,	0.0000000000E+00
0.0000000000E+00,	0.0000000000E+00
0.0000000000E+00,	0.0000000000E+00
0.0000000000E+00,	0.0000000000E+00
0.0000000000E+00,	0.0000000000E+00
1.5106603000E-04,	6.6625102454E-05
6.1340280000E-02,	1.7917964271E-02
6.7586060000E-01,	3.9496972989E-01
1.2556920000E+00,	1.1645952231E-01
1.4133940000E+00,	1.2570800445E-01
1.3992862000E+00,	5.7999003266E-01
4.9521240000E-01,	6.4325188645E-02
1.4048470000E-01,	1.1576388470E-02
3.8640990000E-02,	2.3210107666E-03
1.9946510000E-02,	4.9124713783E-03
3.7715390000E-02,	4.2184273474E-03
1.5274400000E-01,	1.8087399636E-02
4.4791700000E-01,	8.1035140159E-02
8.7239470000E-01,	1.6879514438E-01
7.8445650000E-01,	1.3308282220E-01
6.7695590000E-01,	1.0750435569E-01
2.8912110000E-01,	4.8204672376E-02
1.5964940000E-01,	4.7587721236E-02
1.4107170000E-01,	1.3137946651E-02
5.3568120000E-01,	1.1177065453E-01
8.3383930000E-01,	9.8658490485E-02
1.2981160000E+00,	1.4101562340E-01
1.1052600000E+00,	6.4980981833E-02
1.4878301000E+00,	4.6577379681E-01
3.0495740000E-01,	1.6549694427E-02
2.9156690000E-01,	4.0304603172E-02
5.8228680000E-01,	1.2614046177E-01
7.2480590000E-01,	9.0385168257E-02
7.6049620000E-01,	5.9308781493E-02
2.5079960000E+00,	1.0091453288E+00
6.6421980000E-01,	2.4819445322E-01
8.0840440000E-01,	2.2580852314E-01
9.6697350000E-01,	1.9678005488E-01
1.3079291200E+01,	8.4109890887E+00
1.8761620000E-01,	3.7843899384E-02
4.9614490000E-02,	7.1157984033E-03
1.5451250000E-01,	1.1268817225E-02
4.0218300000E-01,	6.9641832619E-02
4.6237550000E-01,	1.4690877594E-01
5.4439400000E-01,	7.0415090116E-02
5.4538520000E-01,	3.0059231959E-02
2.9200540000E+00,	1.3596267525E+00
1.3597270000E+00,	9.1372187459E-02
1.7781297000E+00,	6.3404941695E-01
3.7898110000E-01,	6.7564004013E-02
4.2094420000E-02,	6.4166813371E-03
6.6298150000E-03,	7.2757154385E-04
1.8719270000E-02,	2.4525702486E-03
1.4517930000E-01,	2.1030651821E-02
3.0677980000E-01,	4.4659158299E-02
2.6169290000E+00,	2.0300439196E+00
9.5487680000E-02,	1.3685810962E-02
5.7161180000E-05,	1.0361236795E-05
2.5959164000E-03,	1.1177257281E-03
1.9767100000E-02,	1.1063128256E-02
6.3860950000E-02,	9.2207175923E-03
2.8691230000E-01,	1.4255545407E-01
2.4993870000E-01,	4.0380655421E-02
2.0205080000E-01,	2.1728789864E-02
6.4730610000E-02,	1.5293271642E-02
1.6119958000E-02,	8.5163052828E-03
8.1900110000E-05,	8.8133072947E-06
1.0422190000E-06,	6.0645614883E-07
0.0000000000E+00,	0.0000000000E+00
0.0000000000E+00,	0.0000000000E+00
0.0000000000E+00,	0.0000000000E+00
0.0000000000E+00,	0.0000000000E+00
0.0000000000E+00,	0.0000000000E+00
0.0000000000E+00,	0.0000000000E+00
0.0000000000E+00,	0.0000000000E+00
0.0000000000E+00,	0.0000000000E+00
0.0000000000E+00,	0.0000000000E+00
0.0000000000E+00,	0.0000000000E+00
0.0000000000E+00,	0.0000000000E+00
0.0000000000E+00,	0.0000000000E+00
0.0000000000E+00,	0.0000000000E+00
0.0000000000E+00,	0.0000000000E+00
0.0000000000E+00,	0.0000000000E+00
0.0000000000E+00,	0.0000000000E+00
0.0000000000E+00,	0.0000000000E+00
0.0000000000E+00,	0.0000000000E+00
