     0
     0
     0
     0
     0
     0
     0
     0
     0
     0
     0
     0
     0
     0
     0
     0
     0
     0
     0
4.42779e-05
0.0392205
0.339434
1.37439
1.71999
1.10057
0.666236
0.16805
0.0435313
0.0111573
0.0428757
0.194847
0.665447
1.23094
0.906021
0.840693
0.427954
0.294451
0.176337
0.420542
1.09947
1.66698
1.25366
1.05331
0.345203
0.330577
0.867856
0.927424
0.90358
4.70836
0.956222
0.61951
0.8736
0.764819
0.115949
0.0666562
0.161888
0.57141
0.864798
0.600396
0.558891
1.03417
1.52161
0.754225
0.395082
0.0286741
0.00577555
0.0255666
0.159066
0.408605
8.09201
0.126298
8.54069e-05
0.000833284
0.0495981
0.0860774
0.672164
0.181804
0.161718
0.046691
0.00281958
6.43737e-05
2.56566e-06
     0
     0
     0
     0
     0
     0
     0
     0
     0
     0
     0
     0
     0
     0
     0
     0
     0
     0
     0
     0
     0
     0
     0
     0
     0
     0
     0
     0
     0
     0
     0
     0
     0
     0
     0
     0
     0
4.86658e-05
0.103753
0.390675
1.09651
1.39163
0.944489
0.52676
0.148993
0.0407359
0.010335
0.0348252
0.137132
0.492941
0.778714
0.658011
0.586912
0.302766
0.18529
0.143367
0.411847
0.895684
1.42291
1.14244
0.815584
0.307784
0.257382
0.767043
0.733307
0.840161
3.88528
0.655833
0.513385
0.822849
0.699923
0.125728
0.0529645
0.181314
0.411779
0.573215
0.518928
0.528729
6.06141
1.26499
0.712572
0.541394
0.0464674
0.00580309
0.0196111
0.10842
0.285793
4.23809
0.117175
6.28902e-05
0.00122177
0.0282678
0.0740544
0.398315
0.22685
0.249047
0.0471522
0.035346
8.66183e-05
1.64559e-06
     0
     0
     0
     0
     0
     0
     0
     0
     0
     0
     0
     0
     0
     0
     0
     0
     0
     0
     0
     0
     0
     0
     0
     0
     0
     0
     0
     0
     0
     0
     0
     0
     0
     0
     0
     0
     0
6.62746e-05
0.0784504
0.384637
 1.049
1.30712
0.879422
0.471736
0.134601
0.0367865
0.022502
0.0310248
0.137988
0.398504
0.818129
0.6162
0.505135
0.280505
0.152667
0.148279
0.374626
0.8577
1.23561
1.16268
0.714347
0.302854
0.226864
0.606476
0.625237
0.710622
2.70923
0.541336
0.502617
0.803415
29.4337
0.218084
0.0422727
0.141638
0.451451
0.444454
0.519758
0.508503
4.35607
1.5082
2.90668
0.430887
0.053249
0.00652922
0.0179152
0.132665
0.234028
2.88022
0.0910667
5.48472e-05
0.00478881
0.0211128
0.0616379
0.305348
0.243288
0.225624
0.0470267
0.0245752
9.47784e-05
1.23148e-06
     0
     0
     0
     0
     0
     0
     0
     0
     0
     0
     0
     0
     0
     0
     0
     0
     0
     0
     0
     0
     0
     0
     0
     0
     0
     0
     0
     0
     0
     0
     0
     0
     0
     0
     0
     0
     0
0.000228388
0.0678479
0.485653
1.36838
1.28008
0.825511
0.512947
0.125338
0.0393623
0.0195272
0.0297142
0.161522
0.443006
0.728429
0.592348
0.509842
0.260091
0.136906
0.134678
0.433179
0.810194
1.19884
1.07514
1.60085
0.28439
0.223602
0.540059
0.598524
0.714389
2.79763
0.493985
0.527315
0.800011
22.2294
0.196893
0.0380961
0.146135
0.386475
0.420206
0.481284
0.498902
3.52878
1.39913
2.38433
0.418337
0.0476369
0.00560489
0.0171697
0.11397
0.315155
2.20398
0.0864188
5.26957e-05
0.00385092
0.0184002
0.0595719
0.257177
0.226346
0.208134
0.0467404
0.0203888
8.7343e-05
1.0137e-06
     0
     0
     0
     0
     0
     0
     0
     0
     0
     0
     0
     0
     0
     0
     0
     0
     0
     0
     0
     0
     0
     0
     0
     0
     0
     0
     0
     0
     0
     0
     0
     0
     0
     0
     0
     0
     0
0.000206861
0.0652856
0.461016
1.40252
1.38233
1.20481
0.505755
0.125714
0.0370542
0.0204293
0.0390419
0.168254
0.4697
0.72757
0.746308
0.787746
0.2671
0.140166
0.140989
0.590302
0.829098
1.33041
1.08538
1.42541
0.29565
0.346583
0.564322
0.703917
0.737724
2.36028
0.476032
1.09725
0.848731
17.9907
0.23944
0.0489881
0.15481
0.438981
0.436025
0.498062
0.533154
  3.02
1.36275
2.10074
0.371393
0.0460068
0.0065847
0.0194636
0.164641
0.346366
1.87401
0.0855806
4.89412e-05
0.00328371
0.0160351
0.0561479
0.2372
0.21959
0.19791
0.0864418
0.0169362
9.14215e-05
8.85409e-07
     0
     0
     0
     0
     0
     0
     0
     0
     0
     0
     0
     0
     0
     0
     0
     0
     0
     0
     0
     0
     0
     0
     0
     0
     0
     0
     0
     0
     0
     0
     0
     0
     0
     0
     0
     0
     0
0.00020876
0.0597634
0.446051
1.35166
1.41255
1.15083
0.483588
0.143328
0.0408523
0.0251904
0.0408983
0.159294
0.435602
0.718762
0.711702
0.736319
0.272216
0.139522
0.134517
0.556751
0.795962
1.24955
1.07079
2.21333
0.29502
0.326298
0.530481
0.684918
0.714025
2.06713
0.473707
0.99237
0.844813
15.1324
0.221155
0.0513098
0.155218
0.399553
0.416328
0.536326
0.607399
 2.644
1.30292
1.87713
0.34543
0.0427581
0.0079278
0.0183201
0.172746
0.326719
1.62736
0.0965496
5.17206e-05
0.00287068
0.0146108
0.0674983
0.219361
0.219199
0.19819
0.0780502
0.0147298
8.74328e-05
7.37841e-07
     0
     0
     0
     0
     0
     0
     0
     0
     0
     0
     0
     0
     0
     0
     0
     0
     0
     0
     0
     0
     0
     0
     0
     0
     0
     0
     0
     0
     0
     0
     0
     0
     0
     0
     0
     0
     0
0.000188516
0.0541531
0.43491
1.28031
1.33605
1.10639
0.460053
0.13892
0.0378036
0.0246538
0.0418929
0.153243
0.414768
0.719727
0.799494
0.743246
0.287891
0.138637
0.129737
0.566521
0.759335
1.27546
1.02384
1.96387
0.288551
0.305727
0.510548
0.653471
0.758421
1.82228
0.455201
1.01834
0.891306
13.1585
0.205509
0.046062
0.148463
0.356009
0.379491
0.485956
0.573477
2.37503
1.24582
1.70432
0.337273
0.0405941
0.00757006
0.0169105
0.166166
0.298504
1.41696
0.0891534
5.00429e-05
0.00254813
0.013221
0.0625751
0.205657
0.279926
0.196551
0.0804589
0.0131737
7.83704e-05
6.32435e-07
     0
     0
     0
     0
     0
     0
     0
     0
     0
     0
     0
     0
     0
     0
     0
     0
     0
     0
     0
     0
     0
     0
     0
     0
     0
     0
     0
     0
     0
     0
     0
     0
     0
     0
     0
     0
     0
0.000175195
0.0504526
1.37602
1.25005
1.35381
2.43765
0.449111
0.140775
0.0376211
0.023341
0.0391238
0.144593
0.408297
1.06739
0.969456
0.728972
0.276549
0.131722
0.131904
0.70814
0.767038
1.22543
1.02725
1.81673
0.318637
0.308617
0.499095
0.782615
0.746603
1.70801
0.455962
0.978274
1.32948
11.6093
0.194523
0.0487952
0.141743
0.341639
0.368644
0.472546
0.559598
2.18414
1.28415
1.56576
0.327911
0.0387153
0.00698269
0.0169988
0.153695
0.290272
1.38771
0.0905748
5.25847e-05
0.00237229
0.0122242
0.0597557
0.197546
0.301715
0.199103
0.0754067
0.0119469
7.34324e-05
5.5338e-07
     0
     0
     0
     0
     0
     0
     0
     0
     0
     0
     0
     0
     0
     0
     0
     0
     0
     0
     0
     0
     0
     0
     0
     0
     0
     0
     0
     0
     0
     0
     0
     0
     0
     0
     0
     0
     0
0.000176334
0.0480494
1.26936
1.21728
1.38478
2.24865
0.445246
0.142149
0.0372773
0.0217151
0.0386005
0.135764
0.380826
0.972341
0.892432
0.669627
0.258558
0.125228
0.129722
0.667244
0.76489
1.18881
1.11831
1.70021
0.310263
0.294469
0.475192
0.781278
0.74107
1.56565
1.10831
0.935608
1.25057
10.3752
0.183237
0.050472
0.161908
0.341229
0.369862
0.689452
0.547736
2.04864
1.31698
1.94616
0.313167
0.039116
0.00697274
0.0177826
0.145069
0.290012
1.2807
0.0881717
5.13863e-05
0.00216904
0.0117245
0.0569073
0.19301
0.301789
0.195645
0.0717203
0.0110312
7.98158e-05
6.08787e-07
     0
     0
     0
     0
     0
     0
     0
     0
     0
     0
     0
     0
     0
     0
     0
     0
     0
     0
     0
     0
     0
     0
     0
     0
     0
     0
     0
     0
     0
     0
     0
     0
     0
     0
     0
     0
     0
0.000167388
0.0464269
1.17085
1.16682
1.5656
2.09454
0.430692
0.136979
0.0353854
0.020614
0.0391566
0.134803
0.370079
0.961945
0.952593
0.661067
0.257581
0.151905
0.141187
0.62766
0.759022
1.18716
1.09311
1.57466
0.301222
0.29555
0.461796
0.757368
0.738367
1.45611
1.02561
0.899375
1.20496
9.39897
0.175644
0.0505283
0.152008
0.323304
0.350732
0.641232
0.537463
1.9483
1.39072
1.82938
0.308937
0.0377265
0.00654741
0.0174545
0.135355
0.272344
1.16825
0.0838882
6.10961e-05
0.00202053
0.0124765
0.0543836
0.183345
0.29888
0.188586
0.0676179
0.0102522
7.54148e-05
5.47908e-07
     0
     0
     0
     0
     0
     0
     0
     0
     0
     0
     0
     0
     0
     0
     0
     0
     0
     0
